    0.096145    0.096148    0.096197    0.096201    0.098012    0.116955    0.554451    9.653187    0.380424   16.119759
    0.096642    0.107428    0.097038    0.524072    9.667409    1.781996    2.291950    2.126008    2.635943    0.636368
    0.096794    0.103803    0.096776    0.386146    6.589025    1.281372    1.632395   11.462600    4.118752    0.638229
    0.096454    0.096562    0.099381    0.110966    0.355362    5.740821    6.468494    4.136819   12.906430    0.621909
    0.098855    0.196741    2.945653    0.473388    6.406892    6.166529    4.151423    1.865302    2.492862    1.288626
    0.096628    0.096733    0.097188    0.111527    0.428206    6.716019   11.407547    1.939283    3.103761    0.627226
    0.096153    0.096153    0.096158    0.096166    0.096316    0.097960    0.135619    0.933012   18.065202    0.622422
    0.095393    0.095393    0.095393    0.095394    0.095403    0.095496    0.097429    0.139191    1.036564   20.067959
    0.096305    0.096307    0.096321    0.096389    0.098209    0.128603    0.814577   15.673135    4.075149    0.623777
    0.096670    0.107513    0.097930    0.100511    0.629309   11.112139    3.583272    2.020773    5.099235    0.629588
    0.096647    0.096652    0.096684    0.097616    0.117920    0.548668    9.924729    8.553184    8.648194    0.629508
    0.098864    0.105137    0.267733    4.404925    2.622953    6.346626    2.336418    1.206579   10.649865    0.627434
    0.159001    0.115503    3.039880    1.179547    1.669853   10.067754    1.461185    0.590016    2.196421    0.627298
    0.124207    0.102280    0.152053    2.657804    5.656118    1.839743    0.574812    5.955159    7.729919   10.134170
    0.168306    2.363842    0.234147    4.729207    0.634826    5.142793    4.826064    0.667525    1.093876    4.253838
    0.102260    0.321987    4.855051    0.638350    1.294234    5.596707    3.344941    1.367985    5.055774    1.105556
    0.096533    0.096653    0.096961    0.097663    0.126899    0.695621   13.392375    1.898067    5.256764    0.625296
    0.096453    0.101092    0.097683    0.292447    4.549945    2.465702    7.450186   11.173298    1.499689    0.629295
    0.096539    0.104290    0.105716    0.099521    0.527111    8.257393    0.515064    9.348249    8.138514    0.635965
    0.096999    0.097002    0.097015    0.097062    0.098471    0.130066    0.833200   16.058605    0.751689    0.625307
    0.097094    0.097095    0.097104    0.097154    0.098465    0.124216    0.701225   13.194410   10.395747    0.627440
    0.095928    0.095928    0.095931    0.095935    0.096093    0.097744    0.135572    0.932795   18.064722    0.632821
    0.095392    0.095392    0.095393    0.095393    0.095404    0.095500    0.097448    0.139197    1.036426   20.067967
    0.153712    2.138516    0.434433    2.236609    2.168115    3.093080    0.651057    4.774965   12.367295    1.776273
    0.096357    0.102440    0.102803    0.390627    6.728299    1.324598    9.970602    3.140845    2.216958    0.639304
    0.097047    0.103334    0.101397    0.397887    6.786341    0.942402    1.603624    1.584012   13.137437    0.695173
    0.097031    0.104025    0.097457    0.389970    6.509985    0.600247    0.923866    0.753645    0.467954   15.327119
    0.096798    0.096903    0.097608    0.097002    0.112296    0.405352    6.954580   13.586523    4.034965    0.622860
    0.096635    0.096639    0.096663    0.097363    0.112591    0.435373    7.459202    6.401698   13.645715    0.643107
    0.096153    0.096166    0.096156    0.096224    0.097761    0.119851    0.605820   11.197206    8.222054   11.294239
    0.097606    0.103056    0.097703    0.335283    5.374773    0.288485    4.318103    1.337436   12.010319    8.706892
    0.099655    0.096723    0.096911    0.361535    6.164951    1.755354    7.867383    0.798673    3.399031   10.445410
    0.568724    0.157967    1.295601    0.732455    3.810267    2.327696    0.689578    6.182885    7.742292   12.713523
    0.095396    0.095397    0.095397    0.095397    0.095407    0.095500    0.097443    0.139182    1.036264   20.067981
    0.095930    0.095930    0.095932    0.095937    0.096095    0.097746    0.135573    0.932797   18.064722    0.632880
    0.095400    0.095400    0.095403    0.095407    0.095546    0.096878    0.125003    0.734150   13.824392   13.005199
    0.096437    0.096441    0.096506    0.096555    0.099366    0.119341    0.610196   11.008120   13.235396    0.639425
    0.096190    0.096191    0.096214    0.096243    0.097420    0.112391    0.451742    7.636563   15.957704    0.643740
    0.096306    0.105573    0.099153    0.097265    0.533413   10.056822    0.468925    1.318732    0.579615   11.083348
    0.096610    0.104341    0.097649    0.099683    0.468985    8.610614    0.985221    0.479692   12.692634    0.688933
    0.098358    0.099072    0.102275    0.112515    0.438651    5.499869    8.472275   10.324766    3.174896    0.636863
    0.099575    0.199755    0.140435    4.184464    5.980035    2.100234    0.973978    0.600431    0.812972   12.058135
    0.096335    0.103745    0.097483    0.096982    0.430359    5.939390    0.291501    8.377731    0.445512   14.143033
    0.096670    0.104878    0.107685    0.100010    0.575255    9.163564    0.565178   10.388356    1.985652    0.686753
    0.097202    0.097206    0.106244    0.332039    4.646923    7.456556    1.998356    7.002686    8.355197    0.654674
    0.096160    0.096165    0.096257    0.096341    0.100510    0.129651    0.847489   16.052269    0.876159    0.630166
    0.096089    0.096090    0.096108    0.096169    0.097838    0.115505    0.523617    9.014201    0.435002   16.685670
    0.095505    0.095506    0.095511    0.095515    0.095679    0.097148    0.129540    0.822961   15.729006    9.966400
    0.095930    0.095930    0.095932    0.095937    0.096095    0.097746    0.135573    0.932797   18.064721    0.632881
    0.095447    0.095447    0.095451    0.095453    0.095612    0.096671    0.120090    0.623943   11.427380   15.620527
    0.095397    0.095397    0.095397    0.095397    0.095407    0.095499    0.097427    0.139231    1.037314   20.067919
    0.182622    3.282035    0.380622    1.851943    2.252183    5.539012    3.182430    0.611223    1.151782    1.894067
    0.152331    1.821697    1.685371    0.485420    1.457033    8.307130    1.199881    2.688997    7.211155    5.201007
    0.579347    0.196545    1.379204    1.705496    2.542326    3.782886   10.663922    2.590226    4.434789    4.563824
    0.699873    1.279137    2.171623    2.387441    3.944828    6.557149    0.733959    3.108683    6.265525    3.385264
    0.139151    0.128128    0.169147    3.818266    2.549952    5.747381    5.545891    9.025848    3.619104    0.637013
    0.101051    0.096884    0.324368    5.875999    1.563807    5.549253    1.864883    1.067426    1.069255    9.604983
    0.096537    0.096391    0.106942    0.366054    5.470100    7.566935    1.479007    8.819273    0.584913    2.530062
    0.096366    0.096461    0.098568    0.103243    0.134753    0.536131    9.907589    2.319466   12.664220    0.629038
    0.096350    0.096533    0.097246    0.098992    0.127856    0.640240   12.203753    4.361040    7.696430    0.629221
    0.096594    0.096819    0.097225    0.096713    0.116244    0.495489    8.554309    8.997555    0.664436   11.471123
    0.096857    0.097415    0.103521    0.117746    0.107876    0.619082   11.685297    8.708629    2.798695    0.626817
    0.096007    0.096416    0.096033    0.096090    0.113490    0.414211    7.124029    1.006236    0.397652   17.344401
    0.096466    0.096582    0.096813    0.097480    0.122090    0.621864   11.703829    0.973997    0.500113   11.180916
    0.099942    0.193576    0.198888    4.607547    1.163508    4.294049    9.896990    3.208126    2.552015    0.673118
    0.099829    0.208547    3.285181    5.269247    0.568137    6.341121    0.781193    1.878914    1.871645    0.721730
    0.098154    0.163763    1.984172    3.497679    0.512840    9.986493    0.553425    0.707556    3.449028    0.916380
    0.358504    0.402962    2.097019    1.862094    1.441065    4.054484    7.661459    6.515333    7.640543    5.086953
    0.096143    0.096143    0.096145    0.096150    0.096308    0.097959    0.135787    0.933009   18.064885    0.635150
    0.095392    0.095392    0.095392    0.095393    0.095404    0.095500    0.097465    0.139196    1.036387   20.067969
    0.095426    0.095426    0.095430    0.095434    0.095621    0.097067    0.126215    0.744118   14.035182   12.722510
    0.095452    0.095452    0.095456    0.095458    0.095604    0.096684    0.120623    0.636683   11.709226   15.360537
    0.095704    0.095705    0.095705    0.095707    0.095761    0.096520    0.113192    0.475716    8.264284   17.911325
    0.095473    0.095473    0.095474    0.095502    0.095776    0.096970    0.119567    0.575960   10.110614   16.702916
    0.096145    0.096146    0.096166    0.096233    0.098060    0.117166    0.558752    9.730156    0.387429   16.047167
    0.095569    0.095571    0.095594    0.095617    0.096689    0.112877    0.450829    7.799775   13.309313    9.658019
    0.096217    0.096221    0.096284    0.096345    0.099206    0.129016    0.827494   15.559104    4.598048    0.634892
    0.097597    0.100990    0.097399    0.322090    5.193820    2.534969    7.851574    7.097759    8.106031    0.899129
    0.100255    0.096649    0.097062    0.097994    0.460228    8.415622    1.714607    5.306353    7.815745    9.364129
    0.096751    0.101930    0.097068    0.098584    0.357663    6.015986    0.560091    8.515459   12.496347    1.268467
    0.096334    0.096678    0.096399    0.110047    0.386154    6.528544    6.118898    1.130700    0.677277   14.540146
    0.096560    0.102046    0.098042    0.097378    0.368781    5.945180    2.563085    3.194447   10.081270   12.513353
    0.096481    0.100868    0.097773    0.286392    4.360749    2.108402    6.562098   10.464855    0.773225    7.963510
    0.097030    0.097031    0.097039    0.097091    0.098411    0.124173    0.701612   13.203121   10.381099    0.636902
    0.096656    0.096657    0.096673    0.096729    0.098452    0.127866    0.789264   15.213924    2.563785    5.963754
    0.095494    0.095494    0.095501    0.095504    0.095741    0.097265    0.126996    0.747877   14.104892   12.626762
    0.095397    0.095397    0.095397    0.095397    0.095407    0.095501    0.097446    0.139189    1.036451   20.067970
    0.095523    0.095523    0.095523    0.095529    0.095592    0.096157    0.108346    0.368428    5.958592   19.001720
    0.096143    0.096143    0.096145    0.096150    0.096308    0.097959    0.135787    0.933009   18.064885    0.635163
    0.095850    0.095850    0.095850    0.095852    0.095894    0.096543    0.110941    0.425300    7.175620   18.479253
    0.126373    1.053803    1.029514    2.100608    1.564098    4.526378    3.910029   11.941661    3.583721    3.993915
    0.096349    0.096604    0.096370    0.107416    0.321192    5.133724    4.635958    2.241859    0.360076   16.828716
    0.095926    0.096725    0.095969    0.096099    0.130170    0.721663   13.917348    2.303732    0.671112    1.105761
    0.096033    0.096462    0.096069    0.096095    0.114150    0.431357    7.490781    0.849074    0.527818   17.036286
    0.096485    0.096604    0.096913    0.096605    0.109709    0.370949    6.168848    0.968517   12.400068   11.778211
    0.096187    0.096642    0.096728    0.096232    0.122924    0.489555    8.727736    5.070589   10.328965    9.017110
    0.096612    0.096741    0.097107    0.096742    0.111962    0.396585    6.746012    0.893232   13.235366    9.864108
    0.096767    0.096912    0.096761    0.097790    0.121561    0.481159    8.624613    9.476335    3.171108   10.198133
    0.096041    0.096258    0.096054    0.097297    0.126770    0.566996    0.220031   12.357617    6.576455   10.706679
    0.097458    0.097675    0.103936    0.105454    0.356683    6.017309    1.288904    3.347383   15.220620    0.887844
    0.699873    3.282035    4.855051    5.875999    9.667409   11.112139   13.917348   16.058605   18.065202   20.067981