    2.286793    0.000000
    2.313923    0.000000
    1.993788    0.059973
    1.564573    0.075643
    1.558471    0.543800
    1.122206    1.043616
    1.283191    0.834313
    1.040798    1.320375
    1.522815    0.271602
    1.416497    0.489679
    1.434747    0.721995
    1.559679    0.571073
    1.429376    0.892088
    1.065649    1.121920
    1.040872    1.934721
    1.368397    1.574323
    1.188651    0.854577
    1.606107    0.000000
    1.600798    0.568251
    2.217183    0.000000
    2.654659    0.000000
    1.601383    0.722643
    1.619539    0.578234
    1.692866    0.150819
    1.629528    0.265257
    1.687574    0.019991
    1.450443    0.762402
    1.398222    1.000254
    1.288936    1.592855
    1.502523    0.737775
    1.543785    0.776102
    1.067637    1.800158
    1.040876    2.396471
    1.092246    1.016387
    1.567303    0.677545
    1.591727    1.010980
    1.586434    1.458138
    1.093648    1.733433
    1.122219    1.754053
    1.069468    2.287124
    1.040938    3.121255
    1.367807    0.705399
    1.430225    1.453275
    1.689396    0.000000
    1.721519    0.049965
    1.661528    0.330168
    1.630302    0.333019
    2.769369    0.000000
    2.754286    0.000000
    1.673198    0.161462
    1.659528    0.704044
    1.632481    1.460784
    1.736074    0.000000
    1.748361    0.000000
    1.585625    1.470018
    1.422438    1.329490
    1.425224    1.155455
    1.069469    2.689039
    1.040934    2.782483
    1.097387    2.637744
    1.191372    1.637802
    1.124748    2.245445
    1.125888    2.648713
    1.194857    2.564531
    1.299959    2.442056
    1.434818    0.894624
    1.358071    1.630328
    1.097383    2.230760
    1.069727    3.037652
    1.040944    3.426609
    1.505738    0.792299
    1.472348    1.137594
    1.447871    1.615749
    1.810134    0.204063
    1.807547    0.114362
    1.643697    1.416475
    1.674038    1.075932
    2.951854    0.000000
    2.718333    0.000000
    3.086660    0.000000
    1.744560    0.884520
    1.969776    0.381271
    2.088059    0.254754
    2.436136    0.000000
    1.881447    0.539270
    1.469936    1.674285
    1.476791    1.650544
    1.619007    1.146477
    1.510619    1.266539
    1.041286    3.705514
    1.081372    3.281792
    1.097876    2.991986
    1.376502    1.896398
    1.295536    2.042898
    1.194576    2.159026
    1.153642    2.933914
    1.260544    2.899156
    1.409125    1.210449
    1.369395    2.020792
    1.414304    2.048162
    1.404599    0.427533
    1.564087    0.000000
    1.658713    0.000000
    1.176245    0.910781
    1.310108    0.807937
    1.193763    0.930107
    1.077977    1.008804
    1.035453    1.149107
    1.153216    0.931002
    1.185052    1.646215
    1.193983    1.520068
    1.056719    1.030196
    1.035476    1.822153
    1.261071    0.828437
    1.715152    0.000000
    1.605208    0.005081
    1.431390    0.635000
    1.553609    0.088614
    1.473868    0.518526
    1.520515    0.603136
    1.534991    0.409119
    1.499576    0.728772
    1.507593    0.626929
    1.504721    0.567962
    1.554246    0.298168
    1.429914    0.871139
    1.466836    0.786171
    1.612723    0.000000
    1.789386    0.000000
    1.316650    1.548464
    1.274904    1.588421
    1.057084    1.746580
    1.035493    2.306474
    1.079200    1.729145
    1.161188    1.574534
    1.162535    2.108813
    1.188335    2.158139
    1.197039    2.082925
    1.080614    2.222300
    1.057848    2.246239
    1.035562    2.705460
    1.409050    0.932738
    1.416583    1.012172
    1.377115    1.276001
    1.861082    0.000000
    1.819362    0.000000
    1.621923    0.000000
    1.726159    0.000000
    1.740461    0.199018
    1.474809    1.232138
    1.451488    1.434184
    1.433042    1.504525
    1.559353    0.194553
    1.508343    0.984930
    1.517938    0.649417
    1.525056    0.480807
    1.521703    0.688450
    1.565555    0.474479
    1.506122    1.519677
    1.436162    0.773369
    1.809691    0.395393
    1.749819    0.456953
    1.830953    0.369209
    1.900881    0.092189
    2.423527    0.000000
    1.391394    1.695412
    1.058609    2.647739
    1.035569    3.052704
    1.082034    2.631672
    1.163985    2.457415
    1.276356    2.123256
    1.202899    2.456819
    1.319110    2.063318
    1.323935    2.465137
    1.407771    2.240857
    1.438359    1.835711
    1.291124    2.468298
    1.319131    2.566887
    1.164029    2.833316
    1.188953    2.579978
    1.084682    2.953462
    1.059688    2.995565
    1.035593    3.364337
    1.447526    1.916649
    2.499148    0.015163
    2.328695    0.070399
    2.192613    0.222017
    2.000654    0.286334
    1.833036    0.000000
    1.475127    1.578489
    1.644624    0.665437
    1.624712    0.007317
    1.529115    1.100434
    1.523683    0.945767
    1.533481    0.676559
    1.751539    0.475517
    1.592312    0.723828
    1.545600    1.143442
    1.807653    0.876267
    1.522044    1.563106
    1.087635    0.999743
    1.609881    0.000000
    1.462295    0.187110
    1.039485    1.829282
    1.242762    0.811307
    1.184194    0.961529
    1.061406    1.159103
    1.061614    1.828253
    1.088616    1.731051
    1.217964    0.936380
    1.445304    0.726933
    1.475711    0.886531
    1.469897    0.483960
    1.039487    2.312206
    1.472603    0.491050
    1.497157    0.337129
    1.571688    0.166791
    1.619501    0.000000
    1.724978    0.000000
    1.654983    0.000000
    1.134892    0.977039
    1.252029    1.577140
    1.135858    1.677815
    1.189685    2.210612
    1.708485    0.236656
    1.836322    0.000000
    1.660489    0.296007
    1.737386    0.000000
    1.511036    0.835815
    1.539159    0.458849
    1.497217    0.839935
    1.502603    0.882259
    1.062814    2.703515
    1.039482    1.160447
    1.092089    2.226291
    1.136833    2.178645
    1.092193    2.636445
    1.039525    2.710348
    1.062501    2.308748
    1.497795    0.756415
    1.507837    0.741890
    1.567516    0.152920
    1.564760    0.155641
    1.615335    0.123650
    1.520935    0.730565
    1.798081    0.188498
    1.858803    0.158635
    1.943690    0.000000
    1.750639    0.561330
    1.220826    1.690808
    1.381381    1.239258
    1.189681    1.699648
    1.408049    1.166857
    1.484741    0.899182
    1.404337    1.076747
    1.405446    1.018891
    1.404767    1.709529
    1.220982    2.192945
    1.202630    2.549769
    1.266272    2.098810
    3.158222    0.000000
    2.295552    0.175356
    1.916736    0.011054
    1.799502    0.266181
    1.565684    1.050671
    1.521889    1.385439
    1.638571    0.405583
    1.623044    0.529102
    1.567400    0.485926
    1.500083    1.427483
    1.062865    3.051383
    1.092546    2.991101
    1.039543    3.057062
    1.137685    2.590817
    1.141583    2.914860
    1.039554    3.368278
    1.066548    3.344992
    1.575898    0.677230
    1.731165    0.676949
    1.573088    1.224413
    1.811842    0.456675
    1.929202    0.125527
    2.214710    0.216860
    2.032177    0.032015
    2.178890    0.146843
    2.377469    0.203618
    3.236993    0.000000
    1.304567    2.403512
    1.354097    2.342124
    1.256075    2.652508
    1.474476    0.672359
    1.431848    0.722504
    1.404634    0.969438
    1.419787    1.827204
    1.417826    2.097118
    1.434232    1.410961
    1.307334    2.530447
    3.281773    0.000000
    2.646450    0.000000
    2.303146    0.128878
    1.161105    0.998502
    1.634043    0.000000
    1.982599    0.000000
    1.205732    0.962004
    1.406639    0.449223
    1.612374    0.119094
    1.038657    1.265633
    1.774394    0.000000
    1.573011    0.097531
    1.291220    0.649397
    1.532010    0.131738
    1.237665    0.824587
    1.081820    1.051455
    1.114512    1.038695
    1.334523    1.476795
    1.398191    0.481933
    1.576601    0.176624
    1.638239    0.125386
    1.817179    0.038108
    1.055146    1.144943
    1.038670    1.897838
    1.472959    0.329659
    2.535885    0.000000
    1.523279    0.359680
    1.055384    1.819385
    1.038670    2.366808
    1.164220    1.716271
    1.083869    1.753436
    1.209377    1.679060
    2.266283    0.039293
    2.065872    0.122104
    1.750076    0.130492
    1.611973    0.172325
    1.421776    0.934797
    1.403731    1.445799
    1.442356    0.534616
    1.431821    1.148331
    1.472905    0.421183
    1.427180    1.320126
    1.251532    1.606401
    1.410872    0.952704
    1.356343    1.994577
    1.354146    1.431857
    1.349087    1.439124
    1.387467    0.923000
    1.516358    0.631512
    1.456083    0.737329
    1.426268    0.994619
    1.613767    0.123615
    1.613363    0.060812
    1.960408    0.357536
    2.198438    0.183667
    1.114666    1.752855
    1.084373    2.250249
    1.055468    2.303875
    1.038671    2.757129
    1.546566    0.500233
    1.573897    0.507232
    1.631878    0.701380
    1.055542    2.703093
    1.038672    3.098671
    1.084562    2.656382
    1.165429    2.221714
    1.122775    2.226037
    1.209702    2.176072
    1.256164    2.122078
    1.430459    1.244473
    1.641251    0.055577
    1.696799    0.205450
    1.452423    0.419232
    1.444517    1.625380
    1.432243    1.317043
    1.458651    0.804443
    1.490798    1.183251
    1.481777    0.630049
    1.487381    1.287333
    1.556421    1.350957
    1.465139    1.157397
    1.434452    1.724996
    1.718336    0.480776
    1.737425    0.303282
    1.645595    0.413448
    1.343518    2.406633
    1.378842    1.808772
    1.210428    2.598843
    1.165430    2.633630
    1.123539    2.636022
    1.084993    3.009551
    1.038673    3.406126
    1.055542    3.050331
    1.614516    0.593966
    1.637620    1.316509
    1.055549    3.361373
    1.038692    3.688017
    1.165502    2.988968
    1.123590    2.983022
    1.210444    2.952951
    1.372542    1.626217
    1.391057    1.808411
    1.433573    1.886787
    1.791294    0.386163
    1.903130    0.333256
    1.206277    1.153977
    1.484184    0.486845
    1.154684    1.110731
    1.038648    1.161427
    2.520270    0.000000
    1.312113    0.819828
    1.086108    1.051748
    1.887916    0.374866
    1.058452    1.247569
    1.159428    1.772314
    1.086108    1.762434
    1.059150    1.885202
    1.208331    1.815000
    1.313252    1.625943
    1.477485    0.742723
    1.517541    0.457097
    1.462042    0.769034
    1.405522    1.235669
    2.726371    0.032191
    2.629580    0.108687
    3.292570    0.000000
    1.038671    1.829992
    1.638451    0.125948
    1.577367    0.684484
    1.924791    0.210249
    1.886028    0.514894
    1.636596    0.844790
    1.791520    0.372488
    1.086431    2.258494
    1.061062    2.352674
    1.038674    2.710837
    3.843640    0.006479
    2.736273    0.106685
    1.411344    0.992447
    1.468558    1.380845
    1.432233    1.131888
    1.445941    1.301932
    1.467285    0.798578
    1.508238    1.309996
    1.555205    0.753973
    1.507118    0.645391
    1.318979    2.411120
    1.208352    2.300794
    1.159892    2.265914
    1.317864    2.013322
    1.161495    2.659984
    1.211014    2.551048
    1.384077    1.656834
    1.386151    1.216902
    1.368137    1.331485
    1.559299    0.705003
    1.527637    1.330887
    1.478373    1.568611
    1.421656    1.679376
    3.548859    0.106035
    2.892482    0.035345
    1.038672    2.312664
    1.061439    2.744744
    1.086556    2.655216
    1.915370    0.318247
    1.798873    0.501055
    1.875054    0.213664
    2.048261    0.654624
    1.983861    0.401001
    1.905162    0.785588
    1.850987    0.627960
    2.100412    0.582330
    1.086998    3.004588
    1.164443    3.013928
    1.323351    2.015682
    1.223348    2.953352
    1.061845    3.084640
    1.038675    3.057530
    3.048361    0.182625
    2.860404    0.332319
    3.862711    0.019438
    1.422240    1.507288
    1.515042    0.990183
    1.562268    0.586222
    1.407438    1.896750
    1.435854    1.555371
    1.447937    1.084826
    1.424615    2.349288
    1.572841    1.448892
    1.599002    0.467380
    1.500806    1.688712
    4.187018    0.000000
    3.056325    0.328089
    1.038690    3.368735
    1.063530    3.382293
    1.170110    3.212621
    1.234669    3.227386
    1.076902    3.316251
    1.294149    3.101129
    2.563023    0.154083
    2.136046    0.823988
    1.987205    0.619004
    2.272411    0.781320
    1.691727    0.037828
    1.244626    0.942402
    2.757432    0.000000
    1.057080    1.068167
    1.037998    1.152333
    1.514143    0.215012
    1.402137    0.432512
    1.091518    1.084137
    1.198880    0.964971
    1.576097    0.184986
    2.247209    0.001403
    1.628879    0.404117
    1.640349    0.116138
    1.628683    0.213269
    1.627036    0.288964
    1.120057    1.038425
    1.100852    1.751687
    1.452690    0.748401
    1.434468    0.565263
    1.518658    0.616709
    1.523132    0.056304
    1.037999    1.824245
    1.060320    1.658976
    1.311648    0.664251
    1.728009    0.167311
    1.806665    0.146081
    1.881823    0.052752
    2.504578    0.018017
    1.948134    0.163939
    1.894825    0.208636
    2.230192    0.158257
    1.900823    0.321502
    1.407676    0.608515
    1.425791    0.945264
    1.461130    0.702047
    1.416240    0.679048
    1.102110    2.235761
    1.061221    2.177566
    1.038002    2.308208
    1.559505    0.305766
    1.522464    0.482044
    1.619797    0.410945
    1.120787    1.728783
    1.201305    1.629669
    1.245066    1.625925
    1.315006    1.501969
    1.246156    2.139789
    1.205560    2.163182
    1.122974    2.232779
    1.723850    0.692419
    1.864988    0.521146
    1.814121    0.098332
    1.524588    0.544978
    1.525626    0.669146
    1.536588    0.525079
    1.038003    2.706996
    1.061379    2.515235
    1.102223    2.641898
    1.479148    1.296435
    1.444475    0.617265
    1.512076    0.893418
    2.370091    0.000000
    2.513930    0.186212
    2.425413    0.183566
    2.057155    0.215080
    2.085396    0.297356
    2.783824    0.228596
    1.540576    0.884776
    1.125930    2.629305
    1.103517    2.947784
    1.061579    2.881343
    1.038004    3.054149
    1.545307    1.077282
    1.633221    0.568228
    1.559311    0.979591
    1.884062    0.219873
    1.209344    2.531576
    1.255887    2.481718
    1.329896    1.959953
    1.394480    1.269498
    1.424365    1.368996
    1.344784    1.366069
    1.349399    1.347790
    1.339714    2.730663
    1.302581    2.471333
    1.246372    2.837740
    1.981437    0.950565
    2.078425    0.424491
    1.564580    0.914024
    1.834991    1.124352
    1.561807    1.341157
    1.551188    1.502420
    1.038006    3.365661
    1.063238    3.145587
    1.178521    2.848064
    2.128953    0.564220
    2.299683    0.161457
    2.978008    0.156507
    2.256345    0.000000
    1.185344    3.021167
    1.039534    1.162219
    1.758983    0.000000
    1.610267    0.000000
    1.128033    0.993243
    1.374154    0.643998
    1.181484    0.988793
    1.057519    1.021828
    1.390962    0.493369
    1.214553    0.946967
    1.723293    0.000000
    1.992169    0.000000
    1.231315    1.677380
    1.253842    0.860798
    1.440123    0.991355
    1.571565    0.342104
    1.445373    0.481077
    1.572846    0.511958
    1.084811    0.879911
    1.181530    1.694096
    1.059712    1.739916
    1.675058    0.000000
    1.669498    0.000000
    1.641297    0.255363
    2.317342    0.000000
    2.272977    0.000000
    1.039826    1.830380
    1.085054    1.660538
    1.039832    2.313062
    1.059850    2.239846
    2.416161    0.087023
    2.918709    0.000000
    1.663169    0.035422
    1.729248    0.131589
    1.704463    0.196254
    1.680418    0.338448
    1.263239    1.640314
    1.372506    1.277361
    1.133492    1.704629
    1.508191    0.339206
    1.478533    0.528372
    1.460570    0.706780
    1.416468    1.456814
    1.385024    1.474809
    1.432329    0.860897
    1.453289    0.483588
    1.458903    1.287011
    1.415724    1.066803
    1.482233    0.358194
    1.512119    0.606996
    1.547468    0.871738
    1.554571    0.576750
    1.589593    0.000000
    1.673042    0.446031
    1.555892    0.481918
    1.134094    2.200972
    1.185589    2.203119
    1.232277    2.182758
    1.366716    1.281783
    1.733079    0.273221
    1.967329    0.245882
    2.120882    0.219270
    2.792992    0.040988
    1.085936    2.178141
    1.059857    2.643545
    1.039838    2.711104
    1.086058    2.589605
    1.060559    2.992307
    1.039843    3.057757
    1.134862    2.614456
    2.138070    0.223275
    2.068211    0.317041
    1.944755    0.394767
    1.372435    1.566945
    1.271174    2.160943
    1.245367    2.500321
    1.186057    2.583528
    1.682729    0.515203
    1.567911    0.774068
    1.528163    0.514345
    1.515641    0.972830
    1.493807    1.144653
    1.424351    1.429020
    1.442660    1.314863
    1.453847    1.443536
    1.449852    1.850143
    1.434993    0.992970
    1.526735    0.916183
    1.547454    1.070033
    1.569847    1.156782
    1.593114    1.137450
    1.622370    0.929300
    1.762688    0.992625
    1.794112    0.649290
    1.190179    2.894721
    1.275546    2.574613
    1.345237    2.532434
    1.963931    0.589079
    2.194292    0.097443
    1.142592    2.942851
    1.039843    3.368970
    1.673121    0.006755
    1.130423    0.954734
    1.268755    0.685959
    1.083903    1.017111
    1.527055    0.469290
    1.037338    1.150829
    1.148954    1.045232
    1.424263    0.438842
    1.563236    0.000000
    1.211743    0.832781
    1.624823    0.193914
    1.732703    0.000000
    1.930796    0.000000
    1.705411    0.141699
    1.446450    0.880273
    1.216935    1.619336
    1.285407    1.540279
    1.563296    0.000000
    1.593677    0.000000
    1.470680    0.365553
    1.054465    1.017199
    1.037340    1.823262
    1.130773    1.665459
    1.559524    0.496220
    1.717275    0.107899
    1.747607    0.030064
    1.592430    0.578973
    1.151036    1.756582
    1.055791    1.740763
    1.037343    2.307431
    1.083999    1.740743
    1.522432    0.000000
    1.479947    0.453299
    1.535148    0.628679
    1.632343    0.060217
    1.648701    0.080286
    1.359612    1.196018
    1.460202    0.958620
    1.953617    0.007030
    2.471510    0.000000
    2.152221    0.067583
    2.186249    0.000000
    2.094960    0.153542
    1.468634    0.580634
    1.469888    1.056160
    1.479316    1.155376
    1.404222    1.446613
    1.787179    0.100920
    1.753867    0.569572
    1.751406    0.621970
    1.547699    0.663349
    1.538878    0.771939
    1.537061    0.859169
    1.490185    0.932665
    1.084101    2.242727
    1.218262    2.126507
    1.168724    2.199253
    1.132554    2.182351
    1.289934    2.083392
    1.055974    2.242329
    1.037349    2.706322
    1.347937    1.433546
    1.407269    0.727097
    1.055976    2.651036
    1.037359    3.053544
    1.084119    2.651367
    1.175066    2.600857
    1.132592    2.599814
    1.228972    2.290567
    1.493435    1.122081
    1.502845    0.979390
    1.498471    1.296146
    1.550272    0.413782
    1.828552    0.443250
    1.967937    0.360390
    1.865698    0.726413
    2.087690    0.460757
    2.109884    0.381865
    1.414266    0.954841
    2.239030    0.400594
    2.313357    0.137956
    2.478290    0.077842
    3.055518    0.093783
    2.677001    0.024119
    3.124089    0.178989
    1.421147    1.673410
    1.483587    0.984966
    1.423699    1.755232
    2.115454    0.240857
    2.121886    0.394335
    1.830284    0.670579
    1.607525    1.092160
    1.703200    0.701882
    1.538769    1.318103
    1.408549    2.524738
    1.307089    2.469655
    1.234179    2.838043
    1.086000    2.999021
    1.056227    3.002354
    1.037360    3.365132
    1.160301    0.948442
    1.605280    0.000000
    1.055819    1.138244
    1.292862    0.836833
    1.090547    1.198676
    1.033386    1.165916
    1.366614    0.428354
    1.540235    0.043189
    1.690558    0.000000
    2.472473    0.000000
    1.552346    0.257590
    1.570101    0.145236
    1.441893    0.369573
    1.483528    0.529672
    1.455065    0.800010
    1.033398    1.832833
    1.055944    2.301148
    1.103958    0.986519
    1.098055    1.712247
    1.656966    0.055558
    1.190984    0.981696
    1.427708    0.748063
    1.396910    1.285710
    1.296517    1.597412
    1.468436    1.104667
    1.674099    0.146045
    2.560036    0.052234
    1.105556    1.719277
    1.165539    1.698339
    1.100248    2.209184
    1.055944    1.815291
    1.033428    2.314991
    1.507074    0.600601
    1.498814    0.562732
    1.577808    0.322500
    1.623596    0.000000
    1.562719    0.648364
    2.566584    0.029144
    2.628146    0.087433
    2.623636    0.154263
    1.626123    0.646888
    1.639400    0.230398
    1.714153    0.225059
    1.033430    2.712732
    1.056035    2.700640
    1.105754    2.225867
    1.165553    2.207327
    1.104347    2.533638
    1.196764    1.709902
    1.868171    0.000000
    1.493222    1.166623
    1.420368    0.913068
    1.443985    1.192246
    1.466446    0.877547
    1.468107    1.376092
    1.492125    1.235472
    1.429378    1.467717
    1.505485    0.731609
    1.395897    1.069734
    1.299447    2.125686
    1.198886    2.190830
    1.310345    2.157102
    1.368102    1.835595
    1.106494    2.888747
    1.105823    2.636159
    1.167659    2.619328
    1.056371    3.047036
    1.033443    3.059236
    1.760605    0.020722
    1.811166    0.126335
    1.770269    0.258128
    1.685930    0.000000
    1.736422    0.685114
    1.789976    0.436786
    1.723535    1.042412
    2.077299    0.269462
    2.052503    0.444916
    3.019971    0.005754
    1.033447    3.370222
    1.063822    3.320088
    1.138919    3.132283
    1.390617    1.911287
    1.328563    2.498235
    1.356753    2.150059
    1.203043    2.593085
    1.565000    1.226717
    1.514949    0.581993
    1.457773    1.462353
    1.465807    0.647074
    1.474238    1.473741
    1.469247    1.370236
    1.515128    1.206749
    1.714038    1.117795
    1.320371    1.694885
    1.329116    2.627283
    1.254570    2.716840
    1.220186    3.012309
    1.396242    1.409813
    1.427272    1.564647
    1.416957    1.283032
    1.237694    0.834284
    1.041255    1.311691
    1.422259    0.000000
    1.371324    0.743527
    1.160726    0.982550
    1.083683    1.123981
    1.225404    0.851021
    1.424710    1.284851
    1.426047    0.844258
    1.625353    0.000000
    1.481055    0.412701
    1.563578    0.000000
    1.064670    1.165114
    1.041296    1.928852
    1.041296    2.391747
    1.064914    1.830951
    1.122761    1.091168
    1.084074    1.804366
    1.248178    1.616788
    1.604152    0.155128
    1.622289    0.000000
    1.563812    0.133508
    1.563422    0.362013
    1.491590    0.000000
    1.488862    0.719224
    1.744753    0.000000
    1.467674    1.259756
    1.429441    1.394121
    1.371445    1.348441
    1.374748    1.492962
    1.393457    1.299046
    1.415026    1.139334
    1.377908    1.608641
    1.453693    1.274374
    1.945058    0.000000
    1.509365    0.585077
    1.520873    0.705851
    1.493722    0.678177
    1.563141    0.568147
    1.576285    0.092548
    1.572015    0.036389
    1.122904    1.783512
    1.084089    2.286068
    1.161578    1.693356
    1.064994    2.308288
    1.041297    2.778568
    1.065185    2.709194
    1.041304    3.117755
    1.123164    2.275088
    1.085543    2.674317
    1.226513    1.631654
    1.162629    2.208113
    1.577942    0.540392
    1.670967    0.166582
    1.494723    0.604037
    1.942053    0.000000
    1.425873    0.856171
    1.466079    1.603418
    1.437509    1.700607
    2.225842    0.000000
    1.512807    0.952342
    1.499580    0.561805
    1.843907    0.221709
    1.750079    0.000000
    1.603359    0.273454
    1.228382    2.099123
    1.174288    2.594213
    1.260339    2.100521
    1.383781    2.015172
    1.392632    1.246329
    1.123306    2.673550
    1.105960    2.966536
    1.065289    3.055853
    1.041304    3.423500
    1.066371    3.339877
    1.041650    3.703270
    1.111423    3.269264
    1.180513    2.955705
    1.137057    2.986941
    1.433877    1.991703
    1.412226    1.894242
    1.364067    1.610017
    1.291359    2.465509
    1.336314    2.105975
    1.235363    2.524157
    1.185320    2.917903
    1.763672    0.661403
    1.954407    0.183990
    1.795907    0.055861
    1.510484    1.617685
    1.531704    1.019568
    2.234759    0.000000
    1.454129    1.732228
    1.461752    1.754214
    2.345671    0.052050
    2.365583    0.050842
    2.506030    0.003290
    2.271053    0.276056
    1.712993    0.943385
    1.562115    0.699744
    2.601927    0.040790
    3.253381    0.000000
    1.719979    0.199856
    1.066181    1.142279
    1.544851    0.268052
    1.262475    0.833808
    1.395616    0.409705
    1.023768    1.147655
    1.723696    0.039882
    1.089105    1.000393
    1.158056    0.803472
    1.568125    0.284110
    1.581847    0.282136
    1.705954    0.410849
    1.589519    0.487762
    1.192109    0.843919
    1.165977    1.600206
    1.408497    0.857516
    1.090075    1.715462
    2.252515    0.000000
    1.964297    0.053309
    2.421170    0.000000
    1.023841    1.821191
    1.067384    1.815064
    1.483222    0.743044
    1.522715    0.490698
    1.463436    0.944416
    1.470046    0.800459
    1.523773    0.666483
    3.431223    0.000000
    2.890678    0.058354
    2.941687    0.009417
    3.670265    0.000000
    1.531939    0.000000
    1.603888    0.582821
    1.472198    0.810069
    1.170384    2.097926
    1.093298    2.210090
    1.067589    2.299237
    1.023846    2.305108
    2.652399    0.164262
    1.983488    0.215117
    1.443811    1.164393
    1.195829    1.575591
    1.267708    1.600677
    1.399232    1.397536
    1.709519    0.000000
    1.710927    0.000000
    1.707646    0.174544
    1.935867    0.456065
    1.892733    0.736171
    1.894414    0.404805
    1.432588    1.357645
    1.448693    1.336118
    1.417018    1.688030
    1.268412    2.083295
    1.332436    1.591189
    1.203008    2.119315
    1.476002    1.428762
    2.602604    0.333405
    2.018952    0.361043
    2.833167    0.000000
    1.023904    2.704634
    1.100442    2.605518
    1.067710    2.699243
    1.510105    0.608917
    1.567411    0.787966
    1.608397    0.688640
    1.581070    0.861263
    4.138140    0.000000
    3.156187    0.012040
    3.076796    0.000000
    3.350885    0.018930
    1.632115    0.791800
    1.806439    0.896362
    1.535299    1.246135
    1.550551    1.224711
    1.172891    2.805075
    1.118616    2.845768
    1.023950    3.051979
    2.300457    0.003139
    2.491824    0.121158
    2.158118    0.161499
    2.142564    0.771341
    2.518476    0.096925
    1.203610    2.545168
    1.271621    2.492513
    1.402599    1.956860
    1.346321    1.960366
    1.423580    1.341599
    1.463943    1.002430
    1.474643    1.624799
    1.448838    1.785050
    1.424872    1.718144
    1.354982    2.021048
    1.224263    2.686404
    3.131660    0.175063
    2.200649    0.000000
    2.254314    0.339222
    1.035122    3.331992
    1.588484    0.193857
    1.489054    0.496679
    1.454060    0.507030
    1.620349    0.126712
    1.569565    0.411453
    1.141074    1.060525
    1.733961    0.105653
    1.053037    1.187997
    1.041703    1.150359
    1.782932    0.000000
    1.421690    0.000000
    1.083017    1.115556
    1.224625    0.996353
    1.225573    1.729104
    1.308288    0.798674
    1.142928    1.759356
    1.086250    1.791188
    1.510964    0.833098
    2.133316    0.000000
    1.811471    0.055978
    1.881113    0.064027
    1.938165    0.011302
    1.962653    0.011184
    1.053332    1.846782
    1.041707    1.822994
    1.577245    0.532468
    1.585559    0.094738
    1.624900    0.481935
    1.688438    0.106570
    1.536133    0.846590
    1.825676    0.354096
    1.826930    0.356558
    1.720250    0.640374
    1.626433    0.507741
    1.592852    0.641810
    1.588276    0.867910
    1.053401    2.325910
    1.041708    2.307229
    1.086540    2.277496
    1.143867    2.610019
    1.226976    2.222573
    2.272718    0.000000
    2.437626    0.037784
    2.017008    0.257370
    2.852422    0.000000
    1.964879    0.275038
    1.424435    1.158985
    1.443636    0.952441
    1.310572    1.554917
    1.324619    1.969936
    1.380030    0.971908
    1.369875    1.141361
    1.437201    1.188842
    2.269959    0.280546
    2.040163    0.216202
    2.010082    0.331259
    2.973066    0.000000
    2.674205    0.000000
    2.442943    0.113356
    2.784930    0.000000
    1.143865    2.169754
    1.088864    2.664550
    1.053426    2.722018
    1.041733    2.706116
    1.595139    1.003904
    1.778699    0.253113
    1.799413    0.649397
    1.853110    0.597272
    1.874819    0.768869
    1.598328    0.818995
    1.756520    0.930584
    1.041734    3.053360
    1.053595    3.066438
    1.090536    3.017946
    1.169061    2.855390
    1.227256    2.623515
    2.464069    0.137600
    2.489886    0.175914
    2.176506    0.184863
    2.072698    0.057561
    1.437684    1.248950
    1.440134    1.043789
    1.383241    1.434470
    1.409804    0.970553
    1.324725    2.431138
    1.342251    1.710517
    1.374548    1.293794
    1.652132    1.445768
    1.454790    1.397571
    2.181926    0.668008
    2.248047    0.273017
    2.284900    0.047013
    2.573906    0.232776
    1.256038    2.861940
    1.266124    2.373878
    1.310375    2.654465
    1.170926    3.036180
    1.065290    3.319188
    1.041749    3.364909
    1.852413    0.918199
    2.753297    0.000000
    2.094596    0.036682
    1.192756    0.885065
    1.041573    1.255426
    1.517514    0.499721
    1.152999    1.070068
    1.324592    0.826840
    1.578140    0.000000
    1.507472    0.600859
    1.060429    1.162990
    1.060612    1.824750
    1.117398    0.954092
    1.587346    0.432055
    1.526985    0.501298
    1.553531    0.632235
    1.533804    1.232813
    1.589812    0.892542
    1.594774    0.070005
    1.459916    0.687574
    1.435479    0.985654
    1.221315    0.896188
    1.041664    1.890993
    2.905987    0.000000
    3.179939    0.000000
    3.238427    0.000000
    1.041707    2.361239
    1.334624    1.626763
    1.437044    0.997666
    1.470721    1.301329
    1.417732    0.790071
    1.478166    1.187135
    1.523393    0.756381
    1.479817    0.912802
    1.537650    1.043318
    1.591350    0.402820
    2.573477    0.110445
    1.680386    0.000000
    1.575020    0.888447
    1.118391    1.692894
    1.155017    1.749336
    1.199163    1.637262
    1.065089    2.304842
    1.066927    2.688367
    1.225349    1.663028
    1.200460    2.160664
    1.436870    1.126446
    1.155403    2.243358
    1.119666    2.464205
    1.586436    0.273543
    2.146023    0.003125
    1.977968    0.000000
    2.685234    0.126519
    1.607517    0.340585
    1.607323    0.617490
    1.641389    0.386451
    1.539976    1.114207
    1.533568    0.495667
    1.531755    0.745146
    1.518996    1.019170
    1.478902    1.496986
    1.041723    2.752322
    3.297500    0.000000
    1.041738    3.094375
    1.523705    1.445592
    1.548592    1.285136
    1.567903    0.993002
    1.648926    0.362926
    2.181687    0.132979
    3.294388    0.000000
    2.456154    0.100480
    2.607660    0.000000
    1.119398    2.032070
    1.164157    2.623985
    1.231948    2.152630
    1.212337    2.522567
    1.344081    2.106744
    1.437321    1.311718
    1.383416    1.761979
    1.077817    2.977645
    1.087216    3.288871
    1.452398    1.700725
    1.423197    2.357953
    1.511096    1.897073
    1.234563    2.562719
    1.317038    2.104323
    1.295331    2.709254
    1.196821    2.924837
    1.123820    2.826209
    2.380802    0.043374
    2.406855    0.130121
    2.066600    0.000000
    2.390352    0.401160
    1.673010    0.654955
    1.587765    1.172816
    1.571191    1.405267
    1.041749    3.402162
    1.041753    3.684387
    1.562373    1.821517
    1.628622    1.292387
    1.600542    1.590592
    2.251983    0.084909
    1.040803    1.751628
    2.754610    0.000000
    1.546888    0.639019
    2.140468    0.132459
    1.154845    0.757392
    1.069988    1.014950
    1.232568    0.723602
    1.537325    0.372029
    1.557778    0.462295
    1.574940    0.000000
    1.390671    0.706173
    1.492484    0.840905
    1.534176    0.652591
    1.640927    0.235475
    1.593006    0.527408
    1.977497    0.322400
    1.557065    0.470129
    1.095219    0.988735
    1.070818    1.739629
    1.204082    0.723103
    1.546963    0.461955
    2.907855    0.000000
    2.651959    0.015693
    3.006405    0.000000
    2.842919    0.000000
    2.925354    0.000000
    1.040788    1.033849
    1.040961    2.251050
    1.071200    2.241221
    2.701709    0.163780
    3.117780    0.000000
    1.556338    0.584051
    1.560120    0.582305
    1.409839    0.883039
    1.391572    1.577284
    1.098430    2.220425
    1.163493    1.484308
    2.078907    0.192353
    1.728619    0.078590
    1.685738    0.320217
    1.728695    0.011744
    1.930246    0.190941
    1.496323    1.210817
    1.500341    0.635158
    1.536873    0.523625
    1.960556    0.188715
    1.802348    0.558725
    1.785988    0.641327
    1.815360    0.351085
    2.127849    0.342839
    1.205624    1.577696
    1.403330    1.338566
    1.236958    2.102245
    1.167099    2.028728
    1.098239    1.719003
    1.449221    0.999463
    1.442605    1.281399
    1.425121    1.145502
    1.631748    0.629333
    3.187033    0.047079
    3.394994    0.036278
    3.572719    0.000000
    2.698141    0.229873
    1.071555    2.646837
    1.041081    2.658203
    1.041096    3.010826
    1.071867    3.001288
    1.099841    2.620754
    2.917907    0.000000
    3.763150    0.000000
    3.730957    0.108834
    3.533089    0.147661
    1.693729    0.758448
    1.436811    0.416776
    1.169107    2.468284
    1.205931    2.115499
    1.236412    1.556577
    1.391768    2.118144
    1.399477    1.332657
    1.415054    1.657088
    2.535905    0.000000
    1.837990    0.269461
    2.033474    0.315932
    1.958464    0.525888
    1.783166    0.572510
    1.809229    0.554098
    1.555537    0.756072
    1.563384    0.856842
    1.572910    1.386884
    1.837905    0.457628
    1.884219    0.641423
    2.004635    0.436637
    2.235786    0.502902
    2.764895    0.491339
    3.080182    0.049220
    1.439489    1.969982
    1.453487    1.733887
    1.408871    1.948138
    1.396302    1.804386
    1.378913    0.416683
    1.631545    0.000000
    1.036678    1.253472
    1.121849    0.969089
    1.625691    0.140517
    1.094637    1.104972
    1.542112    0.379288
    1.568126    0.372701
    1.547677    0.077945
    1.201243    0.895926
    1.249446    0.920531
    1.062454    1.151468
    1.036681    1.889758
    1.741262    0.000000
    2.015950    0.000000
    1.640453    0.000000
    1.665283    0.031864
    1.420366    0.600343
    1.422224    0.975247
    1.486069    0.596404
    1.450330    0.520470
    1.654259    0.016344
    1.745339    0.000000
    1.066120    1.814720
    1.036683    2.360335
    1.095522    1.787821
    1.123346    1.710351
    1.413191    1.166675
    1.578481    0.001857
    1.600236    0.279181
    1.429922    1.536277
    1.219767    1.619367
    1.125261    2.208398
    1.097020    2.088413
    1.036695    2.751561
    1.066916    2.294533
    1.791845    0.100375
    2.016849    0.004899
    1.966883    0.000000
    1.700589    0.000000
    1.695076    0.260328
    1.473439    1.053909
    1.474365    0.759702
    1.493529    0.706183
    1.510281    0.608558
    1.449414    0.000000
    1.426629    1.512152
    1.427064    1.493336
    1.436654    1.456612
    1.461771    1.330081
    1.588015    0.688048
    1.481466    0.898780
    1.770567    0.000000
    1.775087    0.155290
    1.905257    0.244806
    1.995163    0.000000
    2.178782    0.000000
    1.067025    2.694670
    1.098862    2.570055
    1.036698    3.093707
    1.179501    2.491312
    1.256257    1.646769
    1.222337    2.038360
    1.604063    0.429620
    1.692815    0.348898
    1.663962    0.297195
    1.805666    0.608628
    1.790558    0.618540
    1.775402    1.118170
    1.227439    2.507557
    1.292627    2.126238
    1.378422    1.348717
    1.427775    1.578766
    1.461173    1.555242
    1.206415    2.779115
    1.036721    3.401578
    1.102473    2.919138
    1.067063    3.037383
    2.249155    0.095592
    2.107138    0.061955
    1.850017    0.323619
    1.487282    1.235412
    1.485291    1.615094
    1.585911    0.889737
    1.511374    0.889746
    1.544018    1.272385
    2.080451    0.391548
    1.853630    0.421554
    1.853969    0.636495
    2.383520    0.032783
    1.067405    3.345175
    1.109165    3.082680
    1.036824    3.683377
    1.438380    1.899345
    1.444909    1.465983
    1.400605    2.062339
    1.307609    2.497978
    1.310701    2.452472
    1.847765    0.664261
    1.316885    2.183755
    1.679025    0.000000
    1.488550    0.693174
    1.142884    1.070931
    1.079798    1.180987
    1.503162    0.474795
    1.599317    0.038044
    1.452826    0.495449
    1.530034    0.226529
    1.041217    1.191904
    1.058831    1.145695
    1.245154    0.936225
    1.444047    0.692374
    1.059570    1.815831
    1.079832    1.839397
    1.143435    1.748419
    1.041295    1.849364
    1.645889    0.239840
    1.552555    0.534831
    1.596480    0.468051
    1.497971    0.854062
    1.669708    0.066969
    1.717686    0.000000
    1.522946    0.590287
    1.171506    0.943621
    1.498586    0.833672
    1.829120    0.000000
    1.854455    0.000000
    1.868390    0.000000
    1.854889    0.114133
    1.508885    0.832648
    1.579147    0.903728
    1.439779    1.010855
    1.459541    1.420637
    1.183033    1.620395
    1.250491    1.661355
    1.681488    0.000000
    1.694254    0.111732
    1.589285    0.622429
    1.059648    2.301024
    1.041296    2.328121
    1.146821    2.219966
    1.080108    2.320087
    1.475461    0.666029
    1.487273    1.471148
    1.537914    1.416364
    1.543435    1.297940
    1.080198    2.716992
    1.147112    2.631840
    1.191246    2.112316
    1.041321    2.723973
    1.059775    2.700116
    1.595923    0.333925
    1.770470    0.189161
    1.723799    0.212054
    1.711487    0.000000
    1.404525    1.081587
    1.392738    1.042291
    1.252289    2.138107
    1.464550    1.597973
    1.447656    1.401968
    1.916570    0.000000
    2.278459    0.000000
    2.045254    0.323513
    1.262085    2.468488
    1.361573    1.530104
    1.408904    1.538273
    1.807634    0.659765
    1.863007    0.340293
    1.610027    0.926397
    1.060226    3.046039
    1.081826    3.058842
    1.129538    3.004006
    1.041558    3.068779
    1.194090    2.514039
    1.169096    2.933359
    1.576413    1.481011
    1.522239    1.555649
    1.524631    1.534500
    1.586873    1.543991
    1.195242    2.856945
    1.178692    3.241570
    1.273175    2.813204
    1.060331    3.351756
    1.041709    3.377878
    1.712585    0.603429
    1.676033    1.394933
    2.289421    0.100850
    2.025271    0.352114
    1.967874    0.422751
    1.412757    1.306973
    1.412935    2.006673
    1.459017    0.912132
    1.451358    1.534949
    1.465504    1.265045
    1.363447    2.566888
    1.330646    1.626201
    2.300044    0.277654
    2.301561    0.000000
    2.326132    0.000000
    1.377434    1.667045
    2.267751    0.000000
    1.647087    0.087105
    1.602575    0.222129
    1.605979    0.058921
    1.224459    0.796465
    1.150130    0.846800
    1.257057    0.791250
    1.115839    1.065848
    1.053625    1.178593
    1.038112    1.160475
    1.446043    0.000000
    1.794917    0.059591
    1.923897    0.054244
    2.064879    0.060463
    1.540254    0.000000
    1.504787    0.393550
    1.635809    0.105670
    1.054115    1.840240
    1.038114    1.829394
    1.078146    1.018554
    1.231806    1.412893
    1.335661    0.656377
    1.687893    0.000000
    1.727450    0.000000
    1.693999    0.000000
    2.368541    0.000000
    1.827925    0.209955
    2.018295    0.124499
    1.488944    0.834876
    1.383563    1.506846
    1.432525    1.000653
    1.468250    1.140965
    1.419310    0.916645
    1.510787    0.611860
    1.449549    0.682067
    1.257373    1.618978
    1.079060    1.739627
    1.121003    1.750377
    1.154519    1.620186
    1.038116    2.312283
    1.055580    2.316469
    1.667582    0.182201
    1.636569    0.520249
    1.592490    0.197375
    1.516754    0.381745
    1.562537    0.536568
    1.572292    0.819206
    1.611642    0.661179
    1.769284    0.051198
    1.079985    2.240574
    1.055746    2.712930
    1.038117    2.710470
    1.157055    2.105133
    1.235030    1.961933
    1.363224    1.167227
    1.121960    2.246223
    1.409008    1.019142
    1.424506    1.377158
    1.383254    1.318270
    1.471763    0.773131
    2.426289    0.000000
    2.449487    0.145147
    2.326243    0.178773
    2.002394    0.325750
    2.256138    0.183306
    2.760111    0.000000
    1.502486    1.103344
    1.386315    1.884331
    1.455114    1.675473
    1.411332    1.538740
    1.123389    2.645165
    1.165502    2.513727
    1.235096    2.341297
    1.262674    2.134857
    1.038117    3.057229
    1.056054    3.059392
    1.080980    2.645127
    1.783310    0.379604
    1.572403    0.511578
    1.574648    0.678241
    1.604992    0.833319
    1.813623    0.292508
    1.081361    2.997444
    1.063911    3.328027
    1.038117    3.368451
    1.319684    1.721740
    1.378415    1.180889
    1.147974    2.660923
    1.421757    1.659228
    1.461842    1.491144
    1.427856    1.115483
    1.472662    1.709598
    1.400490    1.523387
    1.557002    0.927624
    1.507926    1.074426
    1.603414    1.256024
    1.610468    1.387662
    1.401796    1.340493
    1.496589    1.858175
    1.158852    2.996509
    1.599399    0.000000
    2.050554    0.010766
    2.408835    0.000000
    1.675107    0.042856
    1.505053    0.542652
    1.645953    0.000000
    1.738630    0.034035
    1.035184    1.164296
    1.463063    0.449474
    1.059676    1.109524
    1.262118    1.509786
    1.369715    0.666705
    1.123716    0.986874
    1.183840    0.998472
    1.205881    0.845802
    1.060514    1.796557
    1.078619    0.997311
    1.537419    0.314332
    1.035184    1.831800
    1.742405    0.080383
    2.076896    0.061669
    1.674229    0.000000
    1.555250    0.068284
    2.393528    0.000000
    1.600130    0.399480
    2.409919    0.032297
    2.682821    0.000000
    1.576887    0.000000
    1.586146    0.533851
    1.822393    0.000000
    1.817749    0.034276
    1.060608    2.285734
    1.035199    2.314179
    1.078730    1.727795
    1.186605    1.725926
    1.124361    1.721544
    1.213623    1.634185
    1.261348    0.678706
    1.381765    1.454717
    1.416953    0.836717
    1.521023    0.666937
    1.512952    0.549733
    1.480989    0.728727
    1.508554    0.623240
    1.483772    1.006529
    1.485591    0.913243
    1.436807    0.923089
    1.439350    1.373890
    1.396023    0.952737
    1.276126    2.044251
    1.370195    1.159112
    1.214820    2.118129
    1.125736    2.219314
    1.188709    2.200493
    1.078942    2.229504
    1.035230    2.712055
    1.060617    2.687267
    1.878306    0.273326
    1.995485    0.108436
    2.234310    0.144788
    1.803064    0.360808
    1.645081    0.319504
    1.585852    0.168790
    2.560765    0.000000
    1.949609    0.356247
    1.748455    0.466438
    2.057898    0.197998
    2.035655    0.013497
    1.127193    2.628738
    1.060781    3.035964
    1.079231    2.638861
    1.035234    3.058571
    1.190038    2.599405
    1.224328    2.460280
    1.383936    1.956093
    1.354351    1.392339
    1.311299    2.169196
    1.443035    0.905170
    1.488167    0.606393
    1.490353    0.741651
    1.562829    1.037884
    1.537694    1.188300
    1.526820    1.268641
    1.633074    0.827456
    1.506419    1.456077
    1.452613    1.487177
    1.375720    1.752884
    1.227312    2.528434
    1.218846    2.890442
    1.035242    3.369697
    1.140841    2.781677
    1.189511    2.833632
    2.077473    0.129257
    2.279513    0.264710
    2.533714    0.215859
    1.851984    0.403128
    1.823747    0.700309
    1.933201    0.541103
    1.825624    0.736421
    1.854442    0.443717
    1.935285    0.119372
    1.605346    0.349149
    1.141432    1.108730
    1.032257    1.229521
    2.021855    0.000000
    1.176752    1.041038
    1.098226    1.349967
    1.513774    0.477163
    1.618285    0.272686
    1.631299    0.298217
    1.980912    0.208939
    1.600453    0.729726
    1.098978    1.954058
    1.178938    1.736716
    1.142069    1.793893
    1.418314    0.493089
    1.290981    0.838574
    2.109819    0.000000
    2.028514    0.176967
    1.033214    1.871369
    1.034069    2.345173
    1.099263    2.409232
    1.143788    2.283567
    2.122690    0.000000
    1.291288    1.568865
    1.437520    1.435240
    1.426054    1.668707
    1.473464    1.237262
    1.475299    1.004426
    1.204392    2.171375
    1.615944    0.926334
    1.630731    0.860293
    1.747314    0.171487
    1.775162    0.380771
    1.731147    0.689491
    1.928176    0.130591
    2.172092    0.368924
    2.230775    0.147113
    1.761385    0.414535
    1.898876    0.122975
    1.800944    0.565939
    1.619740    0.823384
    1.221201    2.316811
    1.490746    0.662049
    1.475419    1.778979
    1.498191    1.224565
    1.466700    1.855482
    1.423957    1.371033
    1.415132    2.104938
    2.291687    0.000000
    2.517904    0.000000
    2.233935    0.000000
    1.143926    2.685735
    1.099691    2.791821
    1.035245    2.731485
    1.036358    3.077283
    1.100600    3.118580
    1.144344    3.034363
    2.562096    0.000000
    2.319973    0.114929
    2.307520    0.220297
    1.509900    2.153807
    1.512989    1.260746
    1.512512    1.497576
    1.297817    2.098500
    1.229434    2.694802
    1.813222    1.131304
    1.669048    0.956302
    1.884779    0.421229
    1.913695    0.532817
    1.829012    0.582630
    1.862546    0.845504
    1.932883    0.514265
    2.063612    0.398008
    2.176385    0.398289
    2.256111    0.078940
    1.948092    0.510979
    2.029608    0.513308
    1.952397    0.237213
    1.868514    0.358936
    1.890258    0.421335
    1.840812    1.167542
    1.671447    1.137487
    1.298644    2.512136
    1.237371    3.154307
    1.273986    3.066628
    1.413637    1.681018
    1.515261    1.152434
    1.619399    0.399595
    2.347141    0.129683
    2.565746    0.000000
    1.170433    3.345992
    1.101182    3.407075
    1.036526    3.384011
    1.059658    3.607401
    1.173196    3.505136
    2.719578    0.000000
    2.622022    0.000000
    1.662011    0.621294
    1.515681    1.419880
    1.555189    0.089250
    1.431190    0.345629
    1.253717    0.889029
    1.757306    0.000000
    1.092373    1.145974
    1.057862    1.133985
    1.037360    1.124958
    1.280682    0.689529
    1.397424    1.078766
    1.059713    1.808586
    1.037393    1.806988
    1.094583    1.813041
    1.148445    1.017101
    1.918565    0.000000
    1.443440    0.502987
    1.554679    0.000000
    1.629945    0.170846
    1.589978    0.155431
    1.681062    0.247402
    1.611058    0.000000
    1.600709    0.026220
    1.444059    1.397316
    1.464336    0.333452
    1.452267    1.126256
    1.454262    0.765174
    2.227567    0.000000
    1.153931    1.711033
    1.180931    0.994846
    1.286318    1.528890
    1.099487    2.294594
    1.037461    2.294560
    1.060280    2.295486
    1.061297    2.680047
    1.100365    2.693938
    1.037489    2.695249
    1.406500    0.917806
    1.259200    1.525105
    1.182341    1.722187
    1.165849    2.168170
    2.255669    0.093877
    2.356870    0.000000
    1.469222    0.858158
    1.467954    0.596682
    1.491014    0.474852
    1.523538    0.301641
    1.669820    0.066006
    1.725635    0.000000
    2.103959    0.209034
    1.736490    0.000000
    2.130466    0.161039
    2.136764    0.293068
    2.250928    0.281920
    2.055669    0.505955
    1.998674    0.466294
    1.825781    0.589236
    1.561748    0.090152
    1.628608    0.324626
    1.608346    0.724099
    1.485010    0.831297
    1.494341    0.842313
    2.440435    0.000000
    2.584837    0.000000
    1.179337    2.560668
    1.182605    2.221650
    1.269717    2.034122
    1.287970    2.080744
    1.419068    1.390938
    1.061339    3.030288
    1.037499    3.043673
    1.102204    3.032865
    1.152058    3.147186
    1.037506    3.356205
    1.062181    3.341836
    1.491772    0.999114
    1.277609    2.364729
    1.183171    2.631356
    1.184257    2.878210
    2.778944    0.046168
    2.444061    0.345722
    1.516998    1.420086
    1.521542    0.692266
    1.534680    0.701991
    1.672366    0.869436
    1.813436    0.249569
    1.921943    0.424198
    1.937893    0.197897
    2.190795    0.529339
    2.409652    0.307687
    2.125734    0.493894
    1.917489    0.741925
    1.535699    1.266756
    1.549050    0.658314
    1.529839    0.983208
    1.517123    2.008381
    2.489511    0.046031
    2.788124    0.138503
    1.183951    2.984989
    1.375815    2.078908
    1.340032    2.611966
    1.360958    2.090576
    1.996587    0.000000
    1.466663    0.596411
    1.638562    0.000000
    1.116378    1.052160
    1.058296    1.121389
    1.467942    0.484657
    1.721205    0.023465
    1.908221    0.000000
    1.185103    0.959052
    1.651753    0.000000
    1.039397    1.245495
    1.480677    0.039070
    1.311802    0.777053
    1.479028    0.885034
    1.333980    0.833511
    1.448128    0.353042
    1.714302    0.000000
    1.531237    0.271940
    1.549566    0.000000
    1.614854    0.236169
    1.538592    0.445894
    1.640655    0.032415
    1.058928    1.803716
    1.039450    1.884457
    1.788275    0.060211
    1.226577    0.941733
    1.085302    0.998328
    2.097799    0.000000
    2.455854    0.020754
    1.202721    1.676646
    1.334666    1.590438
    1.087282    1.722019
    1.123953    1.755687
    1.258131    1.637612
    1.335435    1.547643
    1.039465    2.355970
    1.058936    2.283138
    1.669347    0.000000
    1.785968    0.076359
    1.542030    0.447945
    1.569597    0.427017
    1.569764    0.478559
    1.455997    1.028986
    1.424911    0.786391
    1.441221    0.695642
    1.480603    0.935726
    1.501367    0.537458
    1.461120    0.685832
    1.448076    1.913809
    1.426527    1.821820
    1.610594    0.000000
    1.589072    0.719926
    2.484440    0.183456
    1.937305    0.000000
    2.074610    0.229078
    1.727951    0.035319
    1.090991    2.215697
    1.059147    2.683552
    1.039572    2.747673
    1.342977    2.071123
    1.387996    1.052495
    1.334855    2.125107
    1.126145    2.249532
    1.203061    2.096369
    2.783935    0.029425
    2.835890    0.006544
    1.261419    2.146244
    1.203410    2.537158
    1.130755    2.628824
    1.403159    1.634325
    1.059254    3.026668
    1.039580    3.090273
    1.091089    2.600768
    1.769416    0.117211
    1.612818    0.347227
    1.464060    1.172143
    1.462747    1.542316
    1.575576    1.379559
    1.602332    1.415324
    1.597174    1.343834
    1.468806    1.436291
    1.651371    0.794368
    1.793781    0.540190
    2.063911    0.446901
    2.298742    0.352249
    2.922954    0.112460
    1.203531    2.849593
    1.093917    2.970310
    1.142944    2.935884
    1.065540    3.319864
    1.039583    3.398424
    1.459533    2.159768
    1.362039    1.493117
    1.269560    2.466046
    1.274094    2.830081
    1.335129    2.550671
    1.323451    2.320072
    1.531256    2.021082
    1.489198    2.302214
    1.039585    3.680964
    2.382276    0.000000
    1.089308    1.195955
    1.707496    0.025334
    1.549888    0.329113
    1.247660    0.817204
    1.508137    0.501562
    1.546649    0.140876
    1.035303    1.225743
    1.057699    1.226822
    1.470786    0.784497
    1.479642    0.592702
    1.058657    1.871007
    1.093991    1.849225
    1.035305    1.871465
    1.641417    0.311468
    1.567281    0.615746
    1.559911    0.755389
    1.601088    0.642679
    1.333517    0.798035
    1.428770    0.969625
    1.654256    0.009380
    1.779202    0.000000
    1.112134    1.120378
    2.395531    0.000000
    2.689435    0.007910
    2.656988    0.063358
    1.115409    2.271747
    1.222267    0.998751
    1.848137    0.118054
    1.689313    0.121662
    1.507553    0.886427
    1.563828    0.729169
    1.424910    0.660402
    1.588843    0.610166
    1.592161    0.641423
    1.035339    3.082509
    1.099131    2.320259
    1.058660    2.345350
    1.058752    2.738607
    1.100988    3.044724
    1.115370    1.800783
    1.035338    2.345686
    1.577883    0.536803
    1.452660    0.951352
    1.473243    1.119633
    1.766866    0.000000
    1.840122    0.040276
    2.090421    0.034966
    1.222267    1.731330
    1.424133    1.126184
    1.260645    1.488058
    3.021172    0.000000
    1.263667    2.015398
    1.468504    1.521757
    1.348879    1.542275
    1.534413    1.418318
    1.601525    1.376351
    1.225763    2.193052
    2.593957    0.021101
    2.028430    0.143104
    1.825397    0.281382
    1.863666    0.303128
    1.645068    0.715401
    1.035339    2.739017
    1.117404    2.678728
    1.100656    2.713492
    1.058896    3.081761
    1.116557    3.086712
    1.120977    3.023515
    1.180356    2.759773
    1.035359    3.391429
    1.688313    1.019189
    1.650879    1.207873
    1.859369    0.373072
    1.850171    0.612873
    2.072456    0.268744
    1.228731    2.604619
    1.271415    2.429257
    1.542528    1.276756
    1.429590    1.550463
    1.350637    2.087129
    1.429591    1.679287
    1.424881    1.807271
    1.398520    1.945134
    1.521395    1.628431
    1.555284    1.568402
    1.626719    1.554666
    1.437815    1.865335
    1.351931    2.514800
    1.370089    1.696513
    1.230533    2.955298
    2.200588    0.000000
    1.928436    0.284244
    1.893654    0.573890
    1.693262    1.199892
    1.670992    0.795392
    1.036299    3.671597
    1.194241    3.188938
    1.128531    3.311075
    1.124034    3.345193
    1.677171    0.034936
    1.141050    1.128834
    1.626232    0.160732
    1.331397    0.662844
    1.327543    0.929903
    1.626397    0.260016
    1.462117    0.439944
    1.037469    1.155710
    1.083630    1.110050
    1.621506    0.000000
    1.175352    0.985444
    1.613092    0.396966
    1.063130    1.126190
    1.907401    0.000000
    3.121738    0.000000
    2.232105    0.000000
    2.703254    0.000000
    1.063193    1.806477
    1.088919    1.793601
    1.142088    1.765301
    1.178401    1.691520
    1.333867    1.411862
    1.424731    0.994858
    1.386479    0.935743
    1.037506    1.826324
    1.537597    0.518358
    1.490832    0.809847
    1.505228    0.631861
    1.529941    0.518187
    1.436705    0.760328
    1.630146    0.000000
    1.687351    0.079132
    1.931304    0.000000
    2.694239    0.000000
    1.817579    0.117865
    2.338458    0.112382
    1.683181    0.058732
    1.635221    0.551814
    1.526890    0.659429
    1.439306    1.044167
    1.540201    0.649215
    1.142122    2.262423
    1.089444    2.257581
    1.063325    2.291176
    1.037519    2.309852
    1.387528    0.994294
    1.336727    1.991021
    1.343878    1.626052
    1.183138    2.163521
    2.834705    0.000000
    3.106468    0.000000
    3.496083    0.000000
    1.183289    2.595452
    1.344060    2.142797
    1.380226    1.177203
    1.037527    2.708189
    1.063567    2.693637
    1.090250    2.670296
    1.143539    2.639639
    1.479818    1.089328
    1.458353    0.976015
    1.448606    0.993658
    1.535713    0.844158
    1.797781    0.477866
    1.805469    0.399896
    1.670454    0.739705
    1.741318    0.449604
    1.775104    0.411899
    1.840069    0.176196
    2.287407    0.123767
    2.478674    0.000000
    2.296767    0.145055
    2.207107    0.000000
    2.101238    0.259502
    2.011933    0.373526
    1.839156    0.482197
    1.821472    0.526079
    1.744940    0.443256
    1.699371    0.794468
    1.580903    0.644623
    1.457055    0.972608
    1.480860    0.981780
    1.147049    2.937265
    1.291164    2.654066
    1.206699    2.904778
    1.118483    2.938146
    1.064259    3.037445
    1.037560    3.055168
    1.344643    2.470509
    1.409361    2.550604
    1.381737    2.887592
    1.037600    3.366509
    1.064841    3.337050
    1.155468    2.966125
    1.491877    1.330724
    1.507223    0.817387
    1.486349    1.353351
    1.745772    1.153343
    1.465137    1.290182
    1.796947    0.958139
    1.239747    0.909589
    1.644903    0.000000
    1.563173    0.094371
    1.413035    0.452948
    1.340536    0.797901
    1.158768    1.036364
    1.037025    1.237056
    1.079822    1.139341
    1.062863    1.251145
    1.037065    1.878900
    1.197739    1.069412
    1.383654    0.661007
    1.478775    0.427342
    1.489869    0.393288
    1.603034    0.000000
    1.566456    0.000000
    1.670547    0.000000
    1.670012    0.000000
    1.607836    0.220543
    1.605850    0.000000
    1.542987    0.503929
    1.501421    0.431819
    1.544954    0.609180
    1.481336    0.750363
    1.417886    0.859287
    1.397164    0.930975
    1.257573    1.572252
    1.362811    1.556480
    1.081436    1.812735
    1.063267    1.886660
    1.037100    2.351613
    1.108839    0.995566
    1.109836    1.720528
    1.160703    1.735029
    1.082791    2.296155
    1.063349    2.356579
    1.037122    2.744070
    1.386608    1.533553
    1.421749    1.358843
    1.451633    0.902738
    1.547607    0.835630
    1.541367    0.399241
    1.616439    0.179340
    1.624560    0.000000
    1.686608    0.000000
    1.786187    0.000000
    1.688426    0.019847
    1.774755    0.000000
    1.620870    0.000000
    1.564397    0.569171
    1.456718    0.724323
    1.521118    1.078862
    1.511266    1.186200
    1.426536    1.467848
    1.438948    0.000000
    1.420078    1.189913
    1.063659    2.747990
    1.037125    3.087048
    1.085399    2.688451
    1.110216    2.206581
    1.199084    1.766621
    1.160914    2.228620
    1.161958    2.642107
    1.410598    1.314280
    1.364811    2.098895
    1.258905    2.095555
    1.206642    2.197131
    1.400181    1.887343
    1.110407    2.623839
    1.085458    3.034742
    1.037126    3.395552
    1.063745    3.090310
    1.432978    1.594922
    1.463988    0.942084
    1.578543    0.976813
    1.652029    0.459961
    1.687850    0.478673
    1.807065    0.063194
    1.830900    0.000000
    1.976377    0.000000
    1.672926    0.000000
    1.623936    1.210742
    1.466554    1.343009
    1.480075    1.282025
    1.085636    3.341088
    1.110897    2.978153
    1.066084    3.394707
    1.037131    3.678285
    1.413813    1.799069
    1.208761    2.609757
    1.263863    2.321771
    1.399776    2.235819
    1.193281    2.921114
    1.367264    1.631681
    1.289661    2.851912
    1.309155    2.725674
    1.357038    2.319885
    1.263280    2.864706
    1.444851    2.055263
    1.066617    3.670073
    1.487983    0.303419
    1.631308    0.097038
    1.179712    0.927728
    1.587895    0.386629
    1.127951    1.048055
    1.416838    0.516640
    1.049343    1.324948
    1.234943    0.810965
    1.925082    0.000000
    1.796825    0.058335
    1.503051    0.311485
    1.524061    0.101184
    1.529143    0.665270
    1.537786    0.522608
    1.820202    0.151181
    1.911912    0.154079
    2.283988    0.000000
    1.285289    1.471322
    1.057066    1.147068
    1.049369    1.937807
    1.448984    0.320652
    1.679905    0.000000
    1.642836    0.171729
    1.775639    0.368826
    1.844233    0.320830
    1.452647    0.832092
    1.519058    0.963511
    1.493877    0.658406
    1.543332    0.875338
    1.058213    1.820379
    1.049371    2.398971
    1.110684    1.011279
    1.359250    1.586484
    1.416974    1.504875
    1.380002    1.385095
    2.814867    0.000000
    2.103687    0.189833
    1.570327    0.000000
    1.600637    0.291106
    1.559924    0.353854
    1.915343    0.039464
    1.698528    0.529202
    1.580839    0.080559
    2.440022    0.000000
    2.183575    0.303679
    2.142051    0.054715
    3.153030    0.000000
    1.445291    1.188443
    1.128235    1.758205
    1.111722    1.721789
    1.182344    1.679310
    1.058539    2.304448
    1.049399    2.784767
    1.539073    1.061267
    1.466201    1.124258
    1.927740    0.241677
    1.915392    0.441898
    2.061946    0.253270
    2.022997    0.462036
    1.487627    1.104926
    1.506389    1.131897
    1.497355    1.445859
    1.058603    2.702215
    1.049410    3.122646
    1.111931    2.217879
    1.184427    2.180031
    1.285733    1.944422
    1.128404    2.253016
    1.460378    1.616201
    2.503845    0.263225
    2.613665    0.272146
    1.597708    0.677956
    1.614605    0.514014
    1.608208    0.510163
    1.942984    0.000000
    1.768920    0.711413
    2.740331    0.000000
    1.481952    1.648258
    1.131377    2.655349
    1.412245    1.450179
    1.290520    2.358638
    1.188656    2.377757
    1.112373    2.629705
    1.059433    3.046568
    1.049414    3.428217
    1.557277    1.188524
    1.534429    1.089348
    2.094303    0.463880
    2.172747    0.190089
    2.152138    0.299075
    1.544097    1.334752
    1.060307    3.357671
    1.050781    3.704749
    1.061302    3.536718
    1.115306    2.979693
    1.140981    2.974139
    1.312713    1.808053
    1.360603    2.456472
    1.436069    1.284433
    1.482009    2.168522
    1.788404    0.000000
    1.645880    0.055420
    1.346174    0.708386
    1.134288    1.074298
    1.572073    0.000000
    1.536346    0.242014
    1.622459    0.123670
    1.084367    1.076218
    1.040531    1.149159
    1.068921    1.156004
    1.227850    0.671571
    1.298500    0.673926
    1.502780    0.893350
    1.447860    0.643624
    1.456696    0.695386
    1.448935    0.762892
    1.084396    1.776821
    1.069017    1.826267
    1.139974    1.753984
    1.040599    1.822181
    1.542395    0.663273
    1.578466    0.600576
    1.595947    0.248645
    1.612390    0.308618
    1.187649    0.957906
    1.648524    0.019153
    1.889066    0.000000
    2.544813    0.000000
    2.612968    0.000000
    1.700711    0.073679
    1.748145    0.096190
    1.707393    0.000000
    1.651420    0.086828
    1.661396    0.101328
    1.193739    1.701389
    1.306386    1.536510
    1.232789    1.518634
    1.617175    0.743155
    1.592085    0.603860
    1.069342    2.304450
    1.040751    2.306368
    1.140901    2.229731
    1.090205    2.257909
    1.529247    0.449046
    1.470782    0.689446
    1.511792    1.221352
    1.558178    0.705555
    1.523334    0.802981
    1.493522    0.663966
    1.467967    0.969685
    1.090385    2.430689
    1.141474    2.643379
    1.200036    2.194419
    1.040808    2.705262
    1.069934    2.705015
    1.597660    0.009031
    1.233507    1.948092
    1.346386    1.579032
    1.685777    0.000000
    1.777087    0.176387
    1.829244    0.000000
    1.942462    0.124825
    2.683847    0.000000
    2.722146    0.000000
    2.010331    0.212159
    2.138263    0.168493
    1.864176    0.156237
    1.689095    0.507792
    1.422142    1.363586
    1.347032    2.110517
    1.386676    1.046371
    1.365102    1.976060
    1.299504    2.357794
    1.613986    0.828644
    1.091273    2.935077
    1.070276    3.045513
    1.040819    3.052639
    1.188582    2.882127
    1.472185    1.411790
    1.527193    1.088422
    1.535268    1.553891
    1.560313    0.626877
    1.499766    1.201279
    1.195576    3.181107
    1.070385    3.356301
    1.040833    3.364266
    1.100857    3.061766
    1.304796    2.628017
    1.384876    1.199875
    1.458299    1.544004
    1.392442    1.073212
    1.368376    1.441773
    1.747515    1.052100
    1.713267    0.731541
    1.972816    0.559020
    1.850569    0.789839
    2.471021    0.326909
    2.869654    0.000000
    2.895864    0.000000
    1.903221    0.663048
    1.036198    1.229339
    4.418658    0.000000
    1.065173    1.316130
    1.616839    0.295034
    1.586892    0.289390
    1.300696    0.680940
    1.693131    0.197192
    1.478504    0.295999
    1.983421    0.032492
    1.313849    0.662534
    1.446649    0.459179
    1.442044    1.577873
    2.144060    0.095117
    3.061219    0.000000
    1.598069    0.385851
    1.526505    0.578174
    1.586537    0.480353
    1.850240    0.173774
    1.747482    0.000000
    1.598975    0.242546
    1.088327    1.116799
    1.065306    1.931827
    1.036213    1.873665
    1.036257    3.075959
    1.066672    2.391953
    1.090707    1.791663
    1.121525    0.975888
    1.437203    1.063104
    1.665166    0.091895
    1.634921    0.393115
    1.860232    0.380966
    1.942980    0.161572
    1.919365    0.022231
    2.375811    0.043011
    1.569816    0.540184
    2.762368    0.000000
    2.479370    0.135563
    1.483344    0.760993
    1.506240    0.672632
    1.512882    0.616422
    1.567336    0.956408
    1.494480    1.068876
    2.489572    0.275689
    2.725720    0.000000
    2.013741    0.354542
    1.680524    0.679345
    1.729333    0.290644
    1.836286    0.553344
    1.464130    1.346174
    1.168013    0.841629
    1.122729    1.699804
    1.437733    1.198579
    1.090800    2.282593
    1.067181    3.115153
    1.036254    2.337119
    1.036261    3.382390
    1.067124    2.774639
    1.090954    2.674853
    1.483598    0.321095
    1.189350    1.602772
    1.126335    2.202209
    1.303848    1.509025
    1.330028    1.480490
    1.754697    0.517260
    1.778973    0.663760
    2.192168    0.000000
    2.713049    0.228419
    2.574667    0.128738
    1.516906    0.739299
    1.537748    1.034839
    1.607173    0.674697
    1.717587    0.954837
    1.570513    1.435597
    2.655434    0.370114
    2.589222    0.000000
    2.762558    0.204725
    2.186644    0.283080
    2.204104    0.027664
    2.100764    0.676207
    1.884992    0.244864
    2.010000    0.452769
    1.848027    0.661318
    1.750295    0.383336
    1.436802    0.360324
    1.392523    1.711537
    1.304067    1.993676
    1.126577    2.607518
    1.189580    2.137221
    1.095139    3.017702
    1.079849    3.387158
    1.036271    3.666104
    1.036257    2.731694
    1.095910    3.573695
    1.146585    3.129858
    1.237232    2.465410
    1.299366    2.569994
    1.225303    2.738685
    1.201024    3.058073
    1.340432    2.015181
    1.441577    0.729886
    1.319946    0.667754
    1.041092    1.275682
    1.235489    0.955179
    1.644372    0.000000
    1.509207    0.078732
    1.593846    0.000000
    1.470253    0.409045
    1.566944    0.142511
    1.507269    0.574526
    1.492958    0.758828
    1.632205    0.000000
    2.917318    0.000000
    1.122128    1.074990
    1.057371    1.158040
    1.041122    1.904552
    1.102994    1.013095
    1.160785    0.984994
    1.462722    1.503506
    1.476824    0.912588
    1.479326    1.265778
    1.437613    1.316848
    1.253857    1.665241
    1.168823    2.215239
    1.325038    1.472617
    1.435751    1.444516
    1.123504    1.772487
    1.106231    1.735478
    1.058091    2.704794
    1.041268    3.408553
    1.939121    0.025207
    1.683823    0.053157
    1.643880    0.393690
    1.787524    0.267531
    1.523764    0.361547
    1.494542    0.832246
    1.605821    0.000000
    1.616564    0.111970
    1.682905    0.837799
    1.505676    0.876453
    1.532570    0.828673
    1.867563    0.065019
    1.760514    0.462349
    2.434089    0.000000
    1.991670    0.032126
    1.058193    3.051981
    1.106862    2.230359
    1.041177    2.372120
    1.127022    2.254325
    1.264445    2.173286
    1.168634    1.715627
    1.333717    2.031874
    1.442189    0.941821
    1.365911    1.617956
    1.464110    1.365531
    1.485162    0.936552
    1.481356    1.227135
    1.461946    0.609491
    1.407023    1.019221
    1.372785    1.654743
    1.169839    2.609172
    1.264778    2.531917
    1.128004    2.637444
    1.057460    1.824758
    1.041224    3.102629
    1.106955    2.641007
    2.845696    0.000000
    2.174663    0.075621
    2.025555    0.176084
    1.895940    0.371840
    1.802224    0.616031
    1.859850    0.474716
    1.587786    0.631074
    1.511879    0.762363
    1.534833    0.714445
    1.519537    1.171892
    1.533279    1.084641
    1.532303    1.088829
    2.040196    0.143407
    3.348447    0.000000
    2.285314    0.220238
    2.528112    0.068422
    3.415155    0.000000
    1.108020    2.994625
    1.176937    2.875155
    1.248451    2.791072
    1.057654    2.307478
    1.041222    2.761590
    1.314460    2.752383
    1.402218    1.767800
    1.382011    1.832821
    1.496478    1.103343
    1.498259    1.620623
    1.523745    1.466965
    1.423393    1.677971
    1.387096    1.767822
    1.452756    1.787950
    1.350252    1.555245
    1.075961    3.267033
    1.042423    3.686207
    1.239521    2.963341
    1.938522    0.000000
    1.531264    0.315628
    1.615890    0.263034
    1.174307    0.993044
    1.062858    1.188383
    1.425169    0.519207
    1.041112    1.255268
    1.231426    0.973550
    1.625488    0.052741
    1.693685    0.007897
    1.634299    0.123227
    1.662435    0.159252
    1.442885    0.913145
    1.041121    1.890708
    1.454063    0.657953
    1.517639    0.389163
    1.115941    1.114448
    1.063035    1.844409
    1.538359    0.295761
    2.196311    0.000000
    2.633090    0.000000
    1.116983    1.781026
    1.063712    2.324218
    1.130853    0.868106
    1.518243    0.382452
    1.458850    0.720075
    1.041129    2.361084
    1.439385    1.385875
    1.669808    0.110848
    1.638344    0.193558
    1.753501    0.000000
    1.753930    0.076389
    1.762318    0.054362
    1.758602    0.084880
    2.217296    0.117653
    1.754574    0.434705
    1.747794    0.051426
    1.709063    0.392999
    1.448020    1.021487
    1.041179    2.752149
    1.460297    0.765939
    1.530576    0.683239
    1.599947    0.822618
    1.234260    1.705080
    1.178458    1.721162
    1.133160    1.654312
    1.118585    2.237112
    1.064067    2.717875
    1.064275    3.059724
    1.133824    2.131555
    1.118617    2.614690
    1.236094    2.207713
    1.179247    2.225622
    1.413326    1.705511
    1.444576    1.630439
    1.417161    1.549430
    1.619375    0.713326
    1.566800    0.792353
    1.461313    1.448351
    1.490309    0.966762
    1.468115    0.881602
    1.041197    3.094170
    1.455164    1.517540
    1.771759    0.426969
    2.379750    0.169483
    1.801491    0.040752
    2.012592    0.211197
    2.055827    0.203823
    2.142374    0.233198
    2.527351    0.230789
    1.828828    0.015351
    1.782033    1.097400
    1.041965    3.399029
    1.495454    1.224645
    1.519342    1.188748
    1.435995    1.032716
    1.418607    1.981878
    1.184653    2.629392
    1.296060    2.510793
    1.366840    1.447096
    1.379981    1.356243
    1.135980    2.565646
    1.121598    2.974402
    1.122100    3.300598
    1.127519    3.059547
    1.300316    2.848711
    1.196645    2.912756
    1.143194    2.980903
    1.379955    1.290132
    1.437146    2.097356
    1.582869    0.342888
    1.563088    1.889341
    1.042831    3.677601
    1.832478    0.000000
    2.008292    0.089340
    2.397218    0.283960
    2.826699    0.182225
    1.922052    0.483910
    1.875302    1.092543
    1.862745    1.299045
    1.722780    0.000000
    1.795322    0.000000
    1.055646    1.125882
    1.128560    0.997249
    1.042914    1.170519
    1.376209    0.647950
    1.543754    0.000000
    1.460338    0.638062
    1.540158    0.282820
    1.478479    0.641983
    1.188277    0.973759
    1.280813    0.857468
    1.490066    0.745329
    1.516254    0.724376
    1.480825    0.691700
    1.559056    0.412490
    1.599096    0.355801
    1.042935    1.835624
    1.058180    1.803867
    1.099840    1.185622
    1.818635    0.000000
    1.729155    0.000000
    2.213086    0.000000
    1.814455    0.237204
    1.384782    1.353923
    1.428461    1.005482
    1.101335    1.840180
    1.130991    1.724217
    1.206027    1.687975
    1.058181    2.290484
    1.042944    2.317135
    1.689859    0.000000
    1.559647    0.039758
    1.504052    1.094969
    1.494830    0.940556
    1.474362    1.155664
    1.508731    1.285763
    1.639017    0.044588
    1.615286    0.649564
    1.576081    0.878936
    1.751697    0.010166
    1.042956    2.714485
    1.058759    2.689557
    1.283282    1.647859
    1.207831    2.200440
    1.137282    2.224997
    1.101947    2.313290
    1.439881    1.257204
    1.411228    1.089687
    1.957117    0.269161
    1.933719    0.228386
    2.528990    0.000000
    2.927727    0.000000
    2.762741    0.000000
    2.093429    0.049337
    2.092605    0.119273
    1.523834    0.854467
    1.522888    1.521245
    1.426369    1.296495
    1.466056    1.504822
    1.213233    2.564839
    1.140274    2.622336
    1.102042    2.711034
    1.283294    2.171082
    1.385954    1.941691
    1.058788    3.034317
    1.042966    3.060817
    1.764038    0.192045
    1.624589    0.958854
    1.620428    0.914709
    1.592788    1.048302
    1.626957    0.279175
    1.650191    0.405540
    1.557475    1.388666
    1.651002    1.183091
    1.852980    0.583080
    1.777085    1.065967
    1.796083    0.403853
    1.617438    1.197590
    1.947625    0.000000
    1.042978    3.371708
    1.102221    3.054062
    1.286259    2.522295
    1.315801    1.588485
    1.331376    1.638143
    1.140586    2.964017
    1.215261    2.931537
    1.116690    2.954987
    1.482221    1.512809
    1.448323    1.310769
    1.429998    0.979621
    2.333104    0.121292
    2.394829    0.000000
    2.957792    0.000000
    3.300217    0.000000
    2.975710    0.000000
    1.430859    1.742743
    1.455689    1.539922
    1.112698    3.326575
    1.248730    3.029411
