    0.005321    0.005661    0.007138    0.007995    0.027484    9.766939    6.266100    3.408182    5.268431    1.741404
    0.009689    0.009689    0.009689    0.009690    0.009701    0.010859    0.035576    0.052992    0.019005   20.009579
    0.003948    0.004031    0.004448    0.004400    0.017663    6.903972    9.780962    5.385191    4.154264    2.484694
    0.003664    0.003910    0.005188    0.005824    0.022800    7.415502    9.294388    3.824927    5.813427    2.602067
    0.003379    0.003387    0.003428    0.003473    0.004389    0.947764   11.741236    3.411218    2.398623    9.548822
    0.006456    0.006623    0.007694    0.008606    0.022179   10.742939    1.906952    4.728417    5.266887    1.856503
    0.009169    0.009332    0.009758    0.010361    0.018504    7.510166    3.292757    2.662389   11.624280    6.653447
    0.012290    0.014034    0.017908    0.020264    0.085144    8.961559    6.051071    6.905986    3.997938    3.045127
    0.009523    0.009619    0.010325    0.010719    0.042669    9.579442    2.978651    3.250303    1.959718   10.329338
    0.006565    0.006820    0.007861    0.009244    0.020511    0.087580   12.662309    4.380383    5.859207    0.968646
    0.009721    0.009722    0.009724    0.009725    0.009764    0.041086    7.018846    2.691257   11.517687   11.190202
    0.004325    0.004327    0.004339    0.004343    0.004507    0.155529    7.710506    1.989838    6.646171   14.773229
    0.005401    0.005450    0.005711    0.005783    0.007916    2.379200   10.076364    4.995472   10.251548    2.978875
    0.005424    0.005775    0.006956    0.009922    0.024443    5.090798    3.319848   12.046521    6.819259    4.682402
    0.001359    0.001360    0.001370    0.001375    0.001489    0.104252    7.095414   10.414120    0.950723   11.259135
    0.001627    0.001744    0.002279    0.003678    0.010061    2.256795    4.839155   12.214209    6.807383    6.921630
    0.001287    0.001288    0.001290    0.001292    0.001335    0.045804    7.639631   10.722405    2.877284    9.546732
    0.001338    0.001343    0.001364    0.001385    0.001757    0.340776    6.924665   10.390876   10.295087    1.544711
    0.001557    0.001578    0.001687    0.001775    0.002749    0.591286    6.025512    9.440071   12.256099    0.618377
    0.007380    0.007442    0.007587    0.007681    0.010507    2.486970   12.780695    4.619856    1.827498    3.558976
    0.006689    0.006748    0.007234    0.007449    0.024965    6.291201    8.969350    7.019683    1.567196    6.825631
    0.001279    0.001292    0.001331    0.001382    0.002221    0.778975    7.538767   12.612232    4.987981    1.784318
    0.001660    0.001660    0.001661    0.001662    0.001669    0.006222    5.554030   10.368704    6.915755   10.496194
    0.001269    0.001277    0.001303    0.001334    0.001903    0.596902    5.864391    9.735059    8.527844    9.543862
    0.003613    0.003619    0.003657    0.003671    0.005661    1.675324    9.057404    9.582752    5.880395    6.243521
    0.002229    0.002242    0.002296    0.002353    0.003368    1.631919   10.689380    4.122647    7.197733    8.313792
    0.001294    0.001342    0.001503    0.001577    0.003152    1.498780    7.655556   12.736223    0.781831    4.478767
    0.004553    0.004554    0.004561    0.004560    0.004652    0.087090    9.255949    2.368743    2.768907   14.397030
    0.008455    0.008463    0.008495    0.008534    0.009756    1.048244   11.045944    2.988543   10.353108    1.551827
    0.009540    0.009603    0.010064    0.010306    0.020922    5.729321    8.909282    2.260171    1.861485   11.642610
    0.009797    0.009844    0.010046    0.010180    0.016633    5.436923    7.921434    5.261786    8.688218    7.382724
    0.003767    0.003932    0.004630    0.004734    0.009589    4.955151    5.097760    6.787652    6.362201   12.538477
    0.005035    0.005036    0.005040    0.005043    0.005117    0.075101   10.699336    2.900196    4.869917   11.152533
    0.001439    0.001476    0.001596    0.001603    0.003670    0.350642   10.600232    7.851442    5.246789    6.338183
    0.001396    0.001400    0.001417    0.001419    0.001598    0.065097    8.417339   12.003515    3.142680    4.265179
    0.001456    0.001469    0.001512    0.001548    0.002773    0.665386    6.282635    8.764948   11.818289    5.087557
    0.001430    0.001508    0.001720    0.002150    0.004595    2.826602    4.084640    8.762873   11.923145    6.958054
    0.002071    0.003979    0.013220    0.016314    0.087054    0.755987    8.418377   10.252749    8.522135    0.004165
    0.001277    0.001286    0.001313    0.001332    0.001827    0.453144    5.369081    9.038594    7.275542   12.154003
    0.001783    0.001801    0.001877    0.001905    0.002989    0.744678    8.209258    8.839088   10.611247    0.002324
    0.001286    0.001296    0.001325    0.001364    0.002006    0.677535    6.848983   11.365306    2.866563    9.546729
    0.001337    0.001340    0.001354    0.001367    0.001693    0.287300    5.833963    8.754107    8.555416   10.969673
    0.001298    0.001321    0.001402    0.001451    0.002685    1.142292    6.746178   11.397865    7.469578    5.635239
    0.001402    0.001404    0.001407    0.001409    0.001463    0.050424    7.821807   12.293440    5.542774    1.090110
    0.001256    0.001276    0.001332    0.001366    0.002481    1.015498    7.037588   11.978452    5.284330    6.124833
    0.001290    0.001293    0.001304    0.001317    0.001549    0.199581    5.654032    9.412585    7.935018   10.890568
    0.001254    0.001260    0.001285    0.001283    0.001633    0.312621    4.304607    7.896987    6.132248   14.770157
    0.006110    0.006113    0.006131    0.006130    0.006438    0.535751    6.421353    1.765127    2.373582   17.426672
    0.005177    0.005183    0.005237    0.005279    0.007130    0.789343    8.230425    8.872997    4.753227   10.470197
    0.004154    0.004413    0.005613    0.006752    0.020796    4.788609   10.373122    7.176903    2.288703    5.495800
    0.001625    0.001631    0.001662    0.001671    0.002633    0.819094    8.019395    9.073531    8.668934    6.755444
    0.001800    0.001816    0.001872    0.001860    0.002394    0.867066    6.644631    4.989112    5.814237   15.077970
    0.001542    0.001564    0.001656    0.001792    0.002702    0.493222    8.555966   11.209689    5.586594    3.898998
    0.001375    0.001420    0.001636    0.001876    0.004496    1.711139    8.502979    4.369348    2.209070   14.442501
    0.001434    0.001437    0.001452    0.001476    0.001636    0.164895    5.855413    8.457559    9.863826    9.909924
    0.005642    0.005860    0.006485    0.008424    0.016647    2.962643    4.350939   12.310357    8.136666    4.362264
    0.005353    0.005454    0.005794    0.006208    0.011534    5.127907    3.208424   11.368219    9.061319    1.788948
    0.011779    0.011781    0.011787    0.011795    0.011876    0.181653    2.145543    2.603386    5.349573   18.584833
    0.015838    0.016023    0.016534    0.017546    0.023184    5.403969    3.071895    6.142892   13.842622    2.384442
    0.018192    0.018232    0.018404    0.018511    0.023855    4.541176    8.177046    4.254321    8.129500    9.920586
    0.015271    0.015563    0.017105    0.017966    0.035617    9.005715    5.781448    3.297509    8.475851    1.568027
    0.027208    0.027397    0.027942    0.028393    0.034184    5.069192    6.039718    7.400562    3.059460   12.648873
    0.012435    0.012497    0.012816    0.012872    0.017884    4.997914    7.087803    7.642362    6.004851    9.681897
    0.010754    0.010818    0.011051    0.011359    0.015758    4.708147    2.948278   10.353211    7.141898    9.559514
    0.008274    0.008277    0.008290    0.008314    0.008493    0.025815    0.906026    0.985318    2.118403   19.791238
    0.005613    0.005993    0.007481    0.009111    0.075599    1.751882   11.470975    4.298670    4.636577    8.249062
    0.009393    0.009413    0.009739    0.009705    0.013479    3.410098    7.406667   11.827220    3.763312    4.546419
    0.009687    0.009704    0.009774    0.009874    0.011406    1.356682   10.236851    6.647025    6.861755    7.405744
    0.001468    0.001472    0.001493    0.001519    0.001713    0.178578    6.344245    9.161833   10.686041    6.765913
    0.001432    0.001486    0.001631    0.001717    0.003652    1.775022    9.080096    4.920088    0.858628   13.578750
    0.001740    0.001766    0.001872    0.001983    0.002977    1.831043    9.247091    3.420524    5.702795   12.566521
    0.001427    0.003327    0.010539    0.013480    0.079888    1.039253    9.260348   11.423085    0.949611    4.133770
    0.001307    0.001322    0.001364    0.001385    0.002271    0.817464    7.429797   11.667797    5.277056    6.206367
    0.001293    0.001321    0.001405    0.001497    0.002716    1.220789    6.802453   11.583572    7.559454    4.620304
    0.001272    0.001279    0.001305    0.001314    0.001711    0.362279    4.299343    7.897005    6.132266   14.770175
    0.001390    0.001391    0.001393    0.001394    0.001451    0.049847    7.731753   11.485815    5.284465    6.124968
    0.001380    0.001390    0.001409    0.001417    0.001704    0.258475    6.975291    8.925355    3.198357   12.788439
    0.001392    0.001396    0.001408    0.001423    0.001595    0.195413    6.405020    9.733720    7.226443   10.187923
    0.001397    0.001399    0.001407    0.001418    0.001592    0.184543    6.046098   10.341125    7.380884    9.543990
    0.001386    0.001392    0.001402    0.001409    0.001569    0.146069    6.944551    8.880434    3.471540   12.788446
    0.001294    0.001304    0.001342    0.001363    0.001983    0.568516    6.739432   11.347378    9.043886    2.087671
    0.004408    0.004484    0.004826    0.004853    0.011790    4.825871    9.560200    4.029916    9.397741    3.854110
    0.002217    0.002242    0.002332    0.002293    0.003036    1.234494    7.835719    6.339428    6.261834   12.628589
    0.002181    0.002181    0.002184    0.002185    0.002275    0.082910   12.324156    4.172976    5.693120    4.793668
    0.001559    0.001943    0.003369    0.003454    0.025978    0.364100   11.044100    6.802695    7.520195    2.952643
    0.001514    0.001723    0.003271    0.005424    0.020074    1.623428    8.304786    4.383634    5.522891   13.578796
    0.001614    0.001615    0.001618    0.001623    0.001701    0.049155    8.762069    6.974073    4.102522   12.111388
    0.001442    0.001460    0.001537    0.001659    0.002468    0.829398    6.478111   10.366500    9.945132    4.750373
    0.001529    0.001532    0.001541    0.001559    0.001689    0.079863    5.913955   11.042162    7.410848    8.392321
    0.001571    0.001572    0.001578    0.001587    0.001709    0.057425    5.490760    7.773816   11.990094    8.166985
    0.010459    0.010466    0.010502    0.010507    0.011689    0.338803   12.716770    2.228050    5.671717    4.801945
    0.018658    0.018753    0.019455    0.019505    0.029372    5.440608    8.454991    4.389216    3.294165   11.420294
    0.011452    0.011549    0.011926    0.012345    0.018396    4.346069    9.120573    6.694865    4.624329    9.089172
    0.016723    0.016738    0.016826    0.016936    0.018784    3.350950    1.080062    6.965683   12.222711   10.381465
    0.022382    0.022396    0.022460    0.022536    0.025229    2.330435   13.001374    2.293283    4.197097    3.463883
    0.022322    0.022428    0.022903    0.023165    0.036575    4.881125    8.081917    7.226706    8.832086    5.016084
    0.030216    0.030279    0.030497    0.030668    0.038208    6.177249    8.544746    5.799980    5.772496    7.403141
    0.008825    0.012712    0.030525    0.041810    0.823980    7.275751    2.222522   10.152314    3.186254    8.216249
    0.011220    0.011592    0.012368    0.014312    0.021794    5.524796    3.436960   11.037177    4.600133    8.708835
    0.010417    0.010455    0.010596    0.010751    0.013930    3.309034    4.394166    9.982319    9.969948    7.271445
    0.005152    0.005155    0.005157    0.005180    0.005445    0.007065    1.528561    0.006321   16.864965    6.663507
    0.011048    0.017123    0.019199    0.092452    0.534816    8.052759    9.988111    1.645187    0.749377    3.357876
    0.009277    0.009278    0.009278    0.009280    0.009296    0.009643    3.131789    8.704181   14.563770    0.681753
    0.003540    0.010059    0.012417    0.056966    0.534130    5.501195    1.542269    5.422729   13.592252    6.018717
    0.002456    0.002456    0.002456    0.002457    0.002460    0.002539    3.182511    8.962734   10.222386   11.181324
    0.005505    0.016128    0.024930    0.100217    0.844982    6.191707    8.507265    8.800162    4.257510    0.004894
    0.002187    0.002781    0.003032    0.007821    0.045039    0.633715    5.389883   13.355351    0.038244    7.814184
    0.006786    0.006786    0.006786    0.006786    0.006787    0.006859   11.184501    9.423972    2.124222    0.963181
    0.002485    0.002485    0.002485    0.002488    0.002501    0.002684    7.390379    6.172815   10.389257    9.796863
    0.003272    0.003272    0.003272    0.003273    0.003277    0.003351    1.927438   13.232957    6.231683    8.433900
    0.006253    0.006668    0.007040    0.012555    0.056694    0.436355   11.050643    1.639251   10.881186    0.611928
    0.002725    0.002725    0.002725    0.002725    0.002730    0.003002    8.926031   10.912965    0.428362    7.164143
    0.002852    0.003585    0.003464    0.010010    0.054530    2.832482   12.609729    4.609492    3.120887    2.871115
    0.004059    0.012827    0.014420    0.045217    0.326572    4.699619    9.514086    7.606718    6.605643    3.090498
    0.019879    0.031994    0.039769    0.111578    0.738728    3.923577    1.466480    9.138556   12.149997    6.313982
    0.039123    0.086992    0.095477    0.196299    2.020779    8.808743    2.068516    8.323031    2.345387    6.967005
    0.034095    0.037422    0.038055    0.064476    0.918792   10.138158    5.555463    0.550885    1.983793    6.809454
    0.005981    0.009128    0.009547    0.034091    0.282952    3.920940    6.667274    0.422886   11.490700   10.176053
    0.003743    0.011205    0.011681    0.066556    0.352767    3.043032    5.148918    4.676324   13.385557    8.039670
    0.002618    0.002840    0.002861    0.003773    0.007855    0.103405    4.198913    6.552777    8.584238   14.358009
    0.002824    0.002916    0.002984    0.003667    0.020633    0.844659   12.608924    4.555427    1.968711    6.049328
    0.002599    0.002600    0.002600    0.002603    0.002615    0.003161    9.229201    5.805581    1.664800   13.050104
    0.003355    0.005237    0.006044    0.017955    0.082235    1.279899   11.746142    7.103552    5.346685    0.004942
    0.002597    0.002597    0.002598    0.002600    0.002613    0.002808    3.471388   10.988198    3.997243   12.932244
    0.004995    0.006735    0.007082    0.019103    0.143514    0.722886    7.071018    8.280895    7.630739   10.856681
    0.016021    0.022035    0.022931    0.070311    0.414877    3.034719    0.021428   12.223176    5.132755   10.448175
    0.002657    0.002658    0.002658    0.002660    0.002677    0.002925    8.627976   12.263829    0.685119    3.565748
    0.002669    0.002680    0.002688    0.002793    0.003739    0.070653    8.033694    6.228494   12.803141    2.349889
    0.002506    0.002506    0.002506    0.002506    0.002509    0.002701    5.353631   13.632636    2.066965    6.786199
    0.002563    0.002656    0.002669    0.003243    0.013541    0.076838    3.506687   14.790352    0.009174    5.767929
    0.002563    0.002564    0.002564    0.002568    0.002594    0.003368   12.090314    5.429439    5.193429    4.748721
    0.004550    0.037645    0.053874    0.324208    1.456821   10.514469    4.521772    3.038360    0.224273    5.278653
    0.004419    0.012710    0.016667    0.082817    0.766085    3.951015    6.721870    9.556368    8.820865    4.863021
    0.004154    0.023798    0.032919    0.142659    1.054009    7.655539    0.851040    8.739215    5.115649    8.930782
    0.002844    0.002845    0.002845    0.002848    0.002884    0.003286   11.085585    2.072734    1.029409   11.891363
    0.003386    0.003431    0.003451    0.003935    0.007568    0.063688   12.552247    2.310917    4.128602    7.023710
    0.005794    0.005871    0.005929    0.006398    0.010673    0.014676   11.773121    0.014808    4.597711    9.564798
    0.003653    0.003686    0.003689    0.004041    0.013634    0.557923   13.211315    4.446211    0.686962    3.428061
    0.002747    0.004160    0.004255    0.013041    0.109381    0.692489    7.844776    3.873801   13.899633    3.362334
    0.003268    0.003441    0.003568    0.004895    0.032475    0.576883    6.282792    6.569206   13.464917    5.249433
    0.006512    0.011002    0.012901    0.040814    0.781733    6.946407    0.772181    6.828023    6.152100   11.975478
    0.007807    0.013129    0.012577    0.042081    0.782041    5.730806    0.641814   10.358305    3.767792   11.004679
    0.013881    0.014870    0.014992    0.018446    0.110402    5.515875    8.549409    4.969853    9.406430    4.473283
    0.006217    0.063249    0.090775    0.753769    4.416222    9.403844    3.894507    3.073977    0.036300    5.248153
    0.002602    0.005654    0.006817    0.028511    0.203087    2.778614   12.649581    2.434038    4.227446    4.555433
    0.003077    0.004743    0.004342    0.014543    0.088491    5.146605    7.828508    3.390018    2.369509   13.294049
    0.003046    0.005794    0.005455    0.032591    0.177868    2.659877    3.290032   13.765899    7.044389    1.020832
    0.002658    0.003819    0.004485    0.014972    0.121720    0.635407    6.850425   10.828481    2.003850   10.729283
    0.002901    0.003226    0.003299    0.004654    0.010846    0.149833    5.849660    4.610960    8.584518   14.358290
    0.002777    0.002955    0.002993    0.004432    0.011930    0.114378    6.987603    3.073025   13.384894    8.039007
    0.003064    0.003116    0.003120    0.003500    0.009968    0.172732    1.447113   15.244647    0.009909    5.720188
    0.015699    0.022798    0.023879    0.080143    0.489532    3.335379    0.021571   12.716117    5.371621    9.013350
    0.002701    0.002719    0.002733    0.002915    0.003821    0.070296    4.215982   13.898012    6.799795    2.246475
    0.002605    0.002608    0.002610    0.002623    0.002730    0.010024    4.131337   14.870756    0.969509    4.320915
    0.002409    0.002409    0.002409    0.002410    0.002416    0.002447    0.958203   13.239950    1.985473   10.933096
    0.002555    0.002555    0.002555    0.002556    0.002560    0.002808    4.323004   13.685342    1.831433    8.080119
    0.002575    0.002575    0.002575    0.002576    0.002580    0.002644    1.723896   11.837588    2.042023   13.039547
    0.002601    0.002601    0.002601    0.002604    0.002632    0.002809    3.323515   14.848452    1.374691    5.551902
    0.002557    0.002557    0.002557    0.002557    0.002560    0.002780    7.174066    8.770931    3.583789   12.615021
    0.002408    0.002409    0.002409    0.002409    0.002419    0.002462    3.205481   12.768866    1.985232   10.936210
    0.002708    0.002708    0.002708    0.002709    0.002716    0.002790    2.052911   14.098964    2.431821    8.585330
    0.002430    0.002534    0.002589    0.003289    0.016289    0.119932    3.019471   12.744059    0.174205   11.301858
    0.002919    0.002921    0.002922    0.002938    0.002993    0.003705   11.869560    6.412589    4.612847    4.713347
    0.003075    0.003077    0.003078    0.003087    0.003144    0.006380    7.091077   12.622310    1.773689    6.694780
    0.003012    0.003012    0.003012    0.003012    0.003016    0.003243    5.653384    8.647564    0.060625   14.770421
    0.002697    0.003799    0.004705    0.014632    0.105792    6.552205    8.191813    8.574711    1.720725    5.050473
    0.006453    0.006453    0.006453    0.006454    0.006459    0.006753    7.342901    2.318356    8.603637   13.810653
    0.008177    0.018801    0.019787    0.125185    0.949723    8.213862    8.172432    6.274278    2.385616    2.210431
    0.010268    0.014637    0.015609    0.070439    0.358923    7.404440    8.633247    6.043699    5.315944    2.062263
    0.006110    0.061689    0.088384    0.734062    4.300494    9.157352    2.604205    5.588765    0.050056    5.248082
    0.011356    0.014541    0.015312    0.035605    0.563044    4.119672    0.466229    6.297341   10.902857   11.980181
    0.022385    0.022386    0.022387    0.022393    0.022473    0.026521   10.413416    3.744443    6.889405   10.011489
    0.020685    0.020849    0.020888    0.022052    0.031719    0.482833   13.479777    4.075490    1.655286    0.874282
    0.029622    0.029622    0.029622    0.029622    0.029628    0.029688    1.523034   15.706292    2.958355    0.958085
    0.013937    0.032045    0.036160    0.246361    1.881264   10.315251    2.608403    5.643804    0.063256    5.255626
    0.005322    0.018688    0.024791    0.128613    1.040709    5.369662    9.586524    2.788659    8.657099    4.863435
    0.003200    0.007508    0.006991    0.039870    0.225704    3.388820    4.107631   13.798981    1.942958    5.616625
    0.003587    0.003697    0.003748    0.004551    0.010743    0.080154   11.730340    3.584483    3.943156    8.955641
    0.002958    0.003737    0.003752    0.008438    0.050842    0.329797   10.008950    9.853518    2.921048    5.767994
    0.002964    0.003592    0.004012    0.009908    0.039991    1.009156    9.932489    9.034042    7.452351    0.109229
    0.004191    0.004191    0.004191    0.004192    0.004198    0.004271    2.570770   14.479735    2.515318    7.171001
    0.003096    0.003115    0.003120    0.003317    0.005568    0.083987    8.099945   11.374919    5.883154    4.633679
    0.002776    0.002803    0.002821    0.003102    0.006820    0.095904    7.918404    8.043733   11.343347    3.510114
    0.003896    0.003896    0.003896    0.003896    0.003898    0.003965   11.491810    5.575191    7.413838    3.796437
    0.002731    0.002731    0.002731    0.002732    0.002737    0.002797    1.491345   15.629029    0.682164    3.659858
    0.002640    0.002642    0.002642    0.002649    0.002707    0.003188    8.691767   11.455574    4.673441    3.748313
    0.002628    0.002628    0.002628    0.002629    0.002635    0.002701    1.827909   12.552428    2.165251   11.891147
    0.002569    0.002569    0.002569    0.002571    0.002590    0.002793    7.250935    8.685511    3.591456   12.615033
    0.002662    0.002662    0.002662    0.002665    0.002679    0.002928    8.616010   12.502316    0.692850    1.971705
    0.002779    0.002779    0.002779    0.002780    0.002789    0.002885    2.396849   15.481538    0.679778    3.659906
    0.002715    0.002715    0.002715    0.002716    0.002718    0.002803    8.348810    6.973330   11.746617    3.415998
    0.003168    0.003755    0.003926    0.009465    0.093937    1.291348   11.824437    2.265230    6.708886    6.833798
    0.003167    0.003896    0.004171    0.011879    0.123899    1.484711    2.232490   13.556894    1.968202    9.589194
    0.003525    0.006841    0.006889    0.029679    0.228505    4.467803    5.936823   12.568290    2.526365    4.248254
    0.003674    0.004368    0.004912    0.011076    0.061238    0.476902   12.165232    1.181565    7.952301    4.168958
    0.018185    0.018191    0.018195    0.018227    0.018389    0.023866   12.273833    1.406749    2.094151    9.245006
    0.006523    0.006566    0.006569    0.006927    0.010428    0.108923   11.433698    6.771580    7.087932    0.254896
    0.003615    0.007797    0.009751    0.037626    0.777533    5.725889    0.637310    3.211784   10.895012   11.972337
    0.012577    0.013997    0.015160    0.022435    0.068687    0.795431   10.448064    8.874778    5.993819    3.037215
    0.018513    0.022127    0.022245    0.057804    0.312708   11.018393    4.572376    1.458502    1.524731    3.910856
    0.003228    0.003228    0.003228    0.003228    0.003232    0.004513    0.008383    0.177418   13.183876   13.622026
    0.009097    0.009112    0.009165    0.009334    0.011067    0.594573    8.848031    3.479897    1.383030   14.789221
    0.010936    0.010985    0.011406    0.013469    0.043847    9.565959    3.048157    8.848834    2.124287    0.034758
    0.002549    0.002563    0.002721    0.002803    0.019689    4.856197    6.288223   12.529589    2.640371    0.375463
    0.002924    0.003324    0.006875    0.009528    0.132823   10.516783    2.051266    2.697600    7.685151    0.282133
    0.002268    0.002291    0.002504    0.002786    0.022095    5.860945   11.717793    2.742430    1.729768    3.023334
    0.002041    0.002048    0.002064    0.002160    0.005660    1.093539    5.344504   12.047372    9.109490    3.057604
    0.002981    0.003044    0.003286    0.004232    0.020461    5.499302    4.446891   12.078826    6.231877    0.164185
    0.002174    0.002174    0.002174    0.002175    0.002260    0.030746    0.660441    6.804907    8.246342   15.587306
    0.002118    0.002134    0.002169    0.002411    0.013337    3.319333   12.714039    2.001894    4.417263    3.057679
    0.002191    0.002221    0.002289    0.002716    0.024674    6.826084    2.388226    7.097599   11.268325    4.867079
    0.002134    0.002180    0.002287    0.003017    0.012236    3.010600   12.214971    2.087012    4.231073    6.451274
    0.002046    0.002057    0.002086    0.002198    0.004924    0.494271    3.865680   13.610692    6.085623    5.816097
    0.003495    0.003520    0.004076    0.005903    0.043571    3.636896    8.986390    2.842625   12.279455    0.003741
    0.003308    0.003314    0.003345    0.003888    0.022474    6.386493    8.087757    5.792949    9.002320    1.042667
    0.002939    0.003231    0.005788    0.008047    0.103001    8.624941    1.682706    1.042086   12.276736    0.131087
    0.011761    0.011763    0.011771    0.011825    0.014583    0.934636    3.200591    4.641120   11.304960   13.647873
    0.009357    0.009384    0.009499    0.010922    0.029519    6.076223    5.676121   11.226694    1.740586    5.658548
    0.009470    0.009479    0.009570    0.010013    0.032955    6.761071    7.821027    9.220109    2.093797    3.314500
    0.002070    0.002078    0.002095    0.002215    0.008855    2.007656    8.289639    2.252376   13.691731    3.064188
    0.002014    0.002017    0.002025    0.002065    0.006001    1.212101    9.130510    3.571113   10.669400    8.094171
    0.002178    0.002183    0.002196    0.002223    0.004344    0.605481    3.649733   12.082493    8.145543    7.872692
    0.003655    0.003741    0.004478    0.008140    0.086995    7.555536    4.588915    2.842761   12.279591    0.003878
    0.002601    0.002612    0.002689    0.002872    0.005596    0.639735    5.859743   10.120880   11.168678    3.870937
    0.002569    0.002679    0.002953    0.004744    0.026573    7.155980    9.654377    1.615369    4.231487    6.451688
    0.002637    0.002658    0.002735    0.002985    0.021515    3.879879    8.264885   10.015656    6.549902    3.059589
    0.002562    0.002581    0.002810    0.002928    0.027326    7.005849    9.249109    4.232447    6.506561    3.017414
    0.003251    0.003295    0.003463    0.004577    0.040140   10.903106    4.154704    2.009856    3.986859    2.989672
    0.002115    0.002156    0.002251    0.002816    0.011518    2.806569   12.795549    4.491260    1.711402    3.007386
    0.002403    0.002418    0.002453    0.002630    0.022466    6.092844    6.069553    3.189283   10.669784    8.094555
    0.002087    0.002097    0.002130    0.002198    0.008870    1.884664    9.650045   10.506286    3.585542    3.456435
    0.002036    0.002052    0.002083    0.002216    0.009023    2.089138    9.027945    9.126333    6.016169    6.850646
    0.003334    0.003366    0.003433    0.003757    0.007927    0.058087    2.580836    8.889613    0.004854   16.222109
    0.002069    0.002100    0.002162    0.002636    0.007691    0.041282    2.193054   13.448271    5.896064    8.052508
    0.010133    0.010226    0.010453    0.010802    0.022578    3.566258    3.778322   14.592791    1.097496    1.479623
    0.017348    0.017441    0.017644    0.018529    0.031467    4.047612    4.376107    2.263686   15.673222    2.387830
    0.004126    0.004178    0.004353    0.004599    0.028609    6.538843   11.131430    2.212153    4.013529    1.111578
    0.005780    0.005910    0.006299    0.007671    0.031552    7.880787    1.704825    3.192617   10.673118    8.097889
    0.005003    0.005045    0.005952    0.008987    0.060406    1.373781   11.427832    4.411788    8.921398    0.005243
    0.010011    0.010033    0.010074    0.010383    0.025825    5.052120   10.777617    5.532247    3.496491    5.497162
    0.003862    0.007607    0.013019    0.048094    0.343369    3.678616    4.220073    6.433032    4.066747   15.516981
    0.008753    0.010023    0.019503    0.048610    0.776396    9.542658    5.823912    3.609270    6.030867    3.334764
    0.002112    0.002118    0.002133    0.002269    0.008509    1.894883    8.332794   11.384966    5.263715    3.434935
    0.008070    0.008072    0.008077    0.008116    0.010140    0.033707    0.145869    0.044267   17.364637    5.303651
    0.002064    0.002073    0.002089    0.002182    0.006579    1.360889    8.683323    9.458221    6.001683    7.545955
    0.002633    0.002636    0.002668    0.002810    0.008921    1.843541    9.113278    9.073285    8.191528    3.140356
    0.002438    0.002505    0.002605    0.003093    0.014699    4.098151    9.613254    8.894175    3.769310    4.885241
    0.002218    0.002241    0.002300    0.003055    0.010714    2.861497   12.945584    2.467303    1.768988    4.697067
    0.002172    0.002192    0.002222    0.002495    0.012126    2.931810   11.494552    3.849528    6.346284    5.815988
    0.003050    0.003066    0.003148    0.003427    0.010362    0.665487    7.311755    2.103732   15.026962    2.054023
    0.002710    0.002909    0.003524    0.005818    0.027909    7.320768    2.470949    4.136621   12.143114    5.492144
    0.002875    0.002880    0.002897    0.002976    0.011789    2.693289    2.683000    4.493561    6.152869   16.944819
    0.002994    0.003093    0.003847    0.006349    0.068505    0.986834   11.159720    4.003536    6.653802    7.980801
    0.002663    0.003012    0.004553    0.005789    0.042292    8.068331    2.723061    4.221596   11.909430    1.158434
    0.003527    0.003557    0.003617    0.004049    0.021015    5.173398   10.341654    2.799898    5.570212    7.564164
    0.004007    0.004009    0.004013    0.004033    0.004411    0.125515    0.801262    8.450833   13.801170    7.226522
    0.002153    0.002195    0.002292    0.002872    0.011796    2.890879   13.199644    2.363464    1.711415    3.009275
    0.002373    0.002439    0.002735    0.003370    0.020517    5.217889    9.330788    9.120815    3.703540    0.118488
    0.002111    0.002117    0.002135    0.002203    0.003231    0.320540    1.813687   15.110630    3.259899    4.823965
    0.002041    0.002044    0.002053    0.002070    0.003778    0.484027    2.472156   14.925847    2.962758    5.301158
    0.002137    0.002140    0.002145    0.002236    0.006043    1.151469    2.418881   11.064527   11.615179    5.169383
    0.002106    0.002125    0.002177    0.002545    0.016903    4.411739    5.545354    7.382304   12.142258    4.028988
    0.016535    0.016736    0.017232    0.019400    0.076553   11.429817    3.160437    2.311984    1.780725    2.443475
    0.008912    0.009371    0.011897    0.032251    0.852860    7.411185    2.050214    2.557719   13.270916    3.031687
    0.015391    0.015396    0.015412    0.015513    0.020522    1.693792    5.814807    7.404080    6.523494   13.651501
    0.020653    0.020661    0.020688    0.020873    0.033663    3.692693    4.571858    2.831567    3.846411   17.045801
    0.023755    0.023794    0.023923    0.024839    0.069778    9.166218    4.183764    5.697823    5.676028    6.561600
    0.002138    0.002147    0.002169    0.002254    0.007434    0.555051    4.267201   13.554358    3.265211    7.870324
    0.002177    0.002190    0.002218    0.002332    0.004603    0.726429   12.429703    1.329577    3.246646    8.224287
    0.002132    0.002157    0.002224    0.002373    0.010664    2.373148    3.505108   13.378373    3.532695    8.026058
    0.002211    0.002212    0.002215    0.002241    0.003411    0.342210    2.732267   10.595610   11.047636    7.651087
    0.002129    0.002130    0.002132    0.002144    0.002314    0.062987    2.790892    9.919328    5.627549   13.836012
    0.002141    0.002142    0.002143    0.002158    0.002268    0.041013    1.500707    9.274471    4.065439   15.516387
    0.002114    0.002117    0.002119    0.002149    0.002333    0.069208    2.588652    9.017642    4.090788   15.451898
    0.002410    0.002443    0.002496    0.002933    0.008688    1.871446   11.366919    3.575954    8.902637    2.997566
    0.010126    0.010165    0.010230    0.010530    0.025465    4.556015    8.428438    9.721086    6.410947    0.203227
    0.003832    0.003847    0.003936    0.004301    0.026989    6.551193    8.648412    3.958347    6.084410    7.641302
    0.003580    0.004866    0.009067    0.019877    0.819763    5.984337    2.095651    1.138252   14.366103    5.686478
    0.006010    0.006086    0.006346    0.007895    0.043530   11.028913    4.204323    2.035260    4.012714    0.511266
    0.005593    0.005606    0.005674    0.006003    0.012468    2.046196   12.466027    6.226074    2.861176    1.027035
    0.004672    0.004901    0.005434    0.006485    0.031601    8.076410    9.541604    3.640766    1.728609    3.015085
    0.002428    0.002460    0.002518    0.003231    0.011773    2.783080   10.666774    3.444504    9.822431    2.978560
    0.002118    0.002121    0.002138    0.002181    0.003322    0.362773    2.874499   10.116189    5.182038   13.780370
    0.002086    0.002092    0.002102    0.002156    0.002981    0.296750    2.691001    9.754525    5.490460   14.116105
    0.002138    0.002149    0.002202    0.002759    0.008074    1.992564    8.864692   10.441708    4.162342    6.088457
    0.002217    0.002221    0.002229    0.002291    0.005718    0.983442    4.104555   10.774934   11.175682    5.248030
    0.002129    0.002134    0.002154    0.002531    0.009313    2.393351    9.006556   10.337542    4.872761    4.740540
    0.002184    0.002188    0.002192    0.002235    0.002498    0.098288    3.707112    8.669754    4.360845   15.204854
    0.017066    0.018391    0.021199    0.039737    0.335739    2.877604    1.397515   11.250770   11.754430    2.398228
    0.002155    0.002166    0.002179    0.002292    0.006410    1.248874    8.967176   10.011728    6.324506    5.077652
    0.002194    0.002200    0.002215    0.002302    0.006739    1.293321    5.423432   13.781062    0.943268    6.137726
    0.002194    0.002202    0.002220    0.002342    0.010027    2.324195    9.747045    9.738023    4.357338    4.440911
    0.002185    0.002201    0.002240    0.002413    0.005331    0.944637   12.508588    2.178638    1.642886    8.224293
    0.002269    0.002293    0.002349    0.002814    0.018132    4.843048    9.531225    2.554614    7.755328    8.077486
    0.002111    0.002116    0.002127    0.002191    0.006383    1.252323    8.992232   10.039708    6.342164    4.866513
    0.002105    0.002108    0.002121    0.002160    0.003136    0.310597    2.820296    9.900324    5.071477   14.098731
    0.003157    0.003230    0.003407    0.004886    0.015272    3.767219   10.296333    1.829350    7.745105    8.078354
    0.005521    0.005528    0.005585    0.005847    0.023954    2.516629    9.955236   10.163821    3.936139    0.377664
    0.006477    0.006654    0.007038    0.008722    0.033322    7.669535    7.009200    3.567082    5.872295    8.638230
    0.007506    0.007531    0.007585    0.007954    0.018966    3.256977    2.976968   12.265532    5.925906    8.647467
    0.006959    0.007121    0.007641    0.013657    0.328418    6.602732    1.659450    9.486967    6.156813    9.282576
    0.003432    0.007154    0.008554    0.036799    0.187489    1.272894   12.677823    0.007312    4.918757    6.137866
    0.003742    0.003795    0.003913    0.004728    0.036220    7.404158    5.245498    8.744223    6.422598    4.646119
    0.002848    0.002854    0.002855    0.003213    0.007748    1.500715   11.939189    2.560961    8.667728    0.291194
    0.002828    0.002828    0.002831    0.002869    0.004722    0.016018    1.174227   15.609825    0.955524    3.938229
    0.021757    0.022352    0.023767    0.040265    0.185121    3.414784    3.639329    6.476651   13.080086    8.117609
    0.014861    0.014861    0.014861    0.014866    0.015496    0.030472    1.528310   11.716096   12.008264    1.965914
    0.019337    0.019336    0.019346    0.019431    0.021664    0.434964    4.358980    1.087037    6.755313   17.434517
    0.003207    0.003285    0.003924    0.006797    0.020949    6.048491   10.941684    4.671324    4.051222    0.004185
    0.005055    0.005058    0.005105    0.005885    0.135994    3.575806    6.530541    4.280757    9.049583   12.172660
    0.002373    0.002373    0.002373    0.002376    0.003048    0.193774   10.964007    1.231343   10.369791    4.432215
    0.009823    0.009835    0.009877    0.010082    0.023408    0.138386    0.202693    5.583069    2.633233   18.525960
    0.003074    0.003074    0.003075    0.003085    0.005198    0.425345   12.249303    6.949843    3.825759    0.003654
    0.002479    0.002479    0.002479    0.002485    0.003826    0.384214   10.233710    3.935307   10.893325    3.922466
    0.003448    0.003702    0.004203    0.013647    0.307038    5.087050    6.453219    3.877027   13.336837    0.003857
    0.002808    0.002809    0.002815    0.002881    0.003532    0.238052    1.660346    2.415471   17.665380    0.015702
    0.006840    0.006845    0.006851    0.007051    0.052302    6.328195    2.751028   11.007138    1.780432    8.988348
    0.006290    0.006317    0.006330    0.006759    0.123809    2.620411    2.147639    7.900472    8.261895   13.793477
    0.007817    0.008288    0.009256    0.046823    0.328381    8.562936    2.149718    4.919126   10.653387    3.054939
    0.004489    0.004489    0.004492    0.004517    0.008783    0.490886    8.296693   10.696891    0.008262    8.969870
    0.004301    0.004501    0.004619    0.006574    0.326966    7.477601   10.650160    1.398747    2.600440    1.339507
    0.003859    0.003859    0.003859    0.003863    0.004053    0.034661    3.564938   13.449529    7.107157    5.421107
    0.018249    0.018315    0.018522    0.021145    0.138999    2.488898    0.621152   12.051660    5.894586   10.664970
    0.031650    0.031806    0.032233    0.038364    0.337074    5.484676    1.477543    9.183705   11.809993    3.287933
    0.003851    0.003851    0.003851    0.003855    0.004703    0.110932    8.440986    9.003331   10.006436    2.154114
    0.003875    0.003880    0.003884    0.003924    0.014231    0.330156    9.323939    1.918577    2.159066   14.528623
    0.011962    0.011963    0.011963    0.011975    0.013999    0.148797   10.172723    4.522871    1.036816   12.508401
    0.015696    0.015697    0.015698    0.015710    0.016294    0.122346    1.129244    4.246101    7.337637   17.430879
    0.002808    0.002810    0.002812    0.002888    0.010427    0.962575    1.461198   14.785284    6.468349    0.229483
    0.002753    0.002746    0.002919    0.004196    0.017389    0.598872    6.281572   10.216495   10.953984    2.739182
    0.002697    0.002697    0.002698    0.002700    0.002770    0.094763    9.151260    4.207991   12.282654    3.922685
    0.002205    0.002210    0.002210    0.002255    0.004164    0.686182    5.955096    7.895716   13.012404    4.480479
    0.002691    0.002691    0.002691    0.002692    0.002795    0.117361    4.188720    1.505021   17.094625    0.131101
    0.002623    0.002623    0.002627    0.002670    0.004743    0.163104   11.973083    4.330609    4.583389    7.236039
    0.002342    0.002473    0.002485    0.004874    0.094957    0.940474    6.256468    6.799534   13.598709    4.158071
    0.002854    0.002855    0.002856    0.002864    0.004963    0.421961   12.157314    6.800545    3.786414    2.857013
    0.004940    0.004945    0.004946    0.004993    0.014937    0.260820    0.896167    7.541616    0.006945   17.595965
    0.002741    0.003215    0.003490    0.008165    0.042490    1.285742   12.611907    0.007346    7.108434    2.934557
    0.002905    0.002904    0.002908    0.003167    0.044153    5.737987   10.710095    6.257663    1.993990    2.942088
    0.003101    0.003175    0.003343    0.004158    0.237668    6.781164    8.551919    2.350583    7.510065    6.698231
    0.002916    0.002918    0.002921    0.003015    0.025119    7.004949   10.206155    0.397192    6.434144    0.205015
    0.003705    0.003754    0.003865    0.004597    0.033351    6.759365    4.788776    2.536766   13.224993    0.813714
    0.002897    0.002901    0.002931    0.003048    0.003665    0.262560   12.537747    6.980589    1.581054    0.064573
    0.021603    0.021636    0.021712    0.022641    0.036040    4.510896    6.127134    9.334687    6.841895    8.681214
    0.011398    0.011425    0.011604    0.015104    0.176318    5.910388    9.274071    6.409909    3.772601    6.842311
    0.004204    0.004306    0.004448    0.005318    0.039758    4.646429    9.431334    7.881214    5.714418    4.646567
    0.008067    0.008353    0.008606    0.014809    0.341626    8.514775    6.277053    5.436825    5.738069    5.640492
    0.005217    0.005218    0.005220    0.005260    0.011086    0.156433    5.264462    8.290289    0.300930   15.371614
    0.005061    0.005061    0.005062    0.005065    0.005639    0.019877    1.441306   11.521287    1.485374   13.638110
    0.004878    0.004854    0.005576    0.010893    0.079512    3.287463    4.563523    9.632832   12.172151    0.035650
    0.011288    0.011740    0.013188    0.019818    0.256096    3.157190    4.786218    9.460425   11.937031    3.267279
    0.014047    0.014274    0.014941    0.033121    0.212716    5.293101    7.710815    7.713149    8.995880    3.063130
    0.024547    0.024602    0.024648    0.026533    0.104493    7.067330    2.484269   11.819902    3.938556    3.702225
    0.002804    0.002809    0.002814    0.003008    0.029360    1.949939   12.207946    5.562557    4.419674    3.618172
    0.004228    0.004229    0.004240    0.004318    0.025225    1.439932   12.206291    2.453807    4.031011    7.815775
    0.002915    0.002914    0.002929    0.003047    0.024006    5.493214   11.703248    2.634766    3.740683    2.971386
    0.002961    0.002963    0.002971    0.003033    0.021708    4.080222    6.995549    1.738945   13.668437    4.335765
    0.002836    0.002924    0.002967    0.004486    0.019284    5.459766    9.175236    3.872047    8.553595    5.652301
    0.003061    0.003133    0.003148    0.004658    0.025312    1.175420    9.348143    3.490371    4.965187   12.985736
    0.005485    0.005485    0.005485    0.005486    0.005589    0.008139    0.945174    7.539674    0.225653   17.596514
    0.002754    0.002754    0.002754    0.002756    0.003265    0.152222   11.381852    5.285004    4.481899    8.207579
    0.002703    0.002702    0.002706    0.002744    0.005119    0.441653    8.868404    5.447052   11.455746    5.552476
    0.002802    0.002802    0.002802    0.002805    0.003482    0.165114   11.793536    5.476199    3.479257    7.383823
    0.002705    0.002705    0.002705    0.002720    0.006089    0.140540    8.805184    4.104949   12.311856    5.338158
    0.002272    0.002272    0.002272    0.002274    0.002706    0.125342   12.231834    5.700037    4.818477    3.922259
    0.003756    0.003760    0.003771    0.003898    0.008083    3.258431   11.499693    6.825584    3.989528    2.926100
    0.004063    0.004063    0.004063    0.004065    0.004387    0.075228    6.110009    6.456185    7.211482   13.958287
    0.002998    0.002995    0.003231    0.005783    0.190029    4.644268    7.592930    4.544384   11.626482    4.841708
    0.003227    0.003239    0.003273    0.003559    0.013767    5.496002    8.180325    9.178219    6.251542    0.013307
    0.002964    0.002962    0.002980    0.003086    0.024090    5.030446    6.567146    5.407256   12.342092    2.875010
    0.003035    0.003035    0.003037    0.003069    0.008502    0.383623    8.249654   12.616045    1.687016    2.958052
    0.002985    0.002986    0.002995    0.003102    0.029786    0.237461    8.239588    3.828166   13.631058    3.042720
    0.002966    0.002966    0.002968    0.003011    0.013583    1.561051    9.400660    4.445778   11.169593    5.316500
    0.005108    0.005109    0.005113    0.005179    0.017189    0.831135   13.270850    3.122401    4.378434    0.411755
    0.015094    0.015119    0.015162    0.017018    0.090032    6.615195    3.293148   11.395539    3.808951    6.089033
    0.005798    0.005798    0.005799    0.005833    0.013726    1.169880   11.060035    7.702776    4.363657    5.559366
    0.012250    0.012250    0.012250    0.012258    0.012538    0.113682    9.882589   10.989337    3.241215    0.022347
    0.011064    0.011077    0.011107    0.011904    0.204637    1.764504    8.602100    5.699440   10.279314    7.754099
    0.006487    0.006535    0.006631    0.010364    0.100193    6.291151    7.961095    2.949597   10.686674    2.605944
    0.007446    0.007446    0.007448    0.007453    0.008467    0.033582    1.355250   11.296074    3.936523   13.353521
    0.004850    0.004896    0.004987    0.005894    0.158298    3.122956    7.474814   10.298193    7.734980    4.442152
    0.002949    0.002970    0.003051    0.003430    0.005862    0.542779    4.922856    2.483167   16.593059    0.624389
    0.002929    0.002929    0.002940    0.003092    0.031969    4.041550    7.314816   12.192921    1.966385    2.942107
    0.003165    0.003248    0.003393    0.007493    0.105060    1.852921   12.283586    6.135683    4.403836    0.064423
    0.003795    0.003797    0.003854    0.004769    0.060092    5.622505   10.502154    6.165715    3.967447    2.942963
    0.002680    0.002680    0.002681    0.002685    0.003753    0.224756   12.237076    5.682572    4.821072    3.916985
    0.002683    0.002682    0.002687    0.002761    0.020681    0.735743   12.421039    5.802660    3.968425    3.438061
    0.002623    0.002656    0.002733    0.003508    0.059372    0.785907    7.028716    7.303419   12.846986    3.254179
    0.002689    0.002688    0.002697    0.002778    0.025206    4.458240    8.115772    5.387258   11.282293    2.856841
    0.002885    0.002891    0.002905    0.002972    0.007029    3.118664    7.604397   11.946320    4.364324    2.959262
    0.002743    0.002771    0.002866    0.005261    0.584141    5.269243    7.635417    5.325439   11.015854    2.951218
    0.003120    0.003122    0.003123    0.003134    0.006109    0.659224   12.448243    2.562528    5.976234    5.335854
    0.003501    0.003501    0.003501    0.003509    0.004003    0.016937    1.180609   15.686563    3.103157    1.003553
    0.002712    0.002717    0.002725    0.002978    0.062375    6.317737   10.579884    2.504977    6.434106    0.204369
    0.002711    0.002716    0.002723    0.002949    0.056083    6.724575   10.216748    2.401154    6.526204    0.204369
    0.002738    0.002752    0.002790    0.002988    0.005388    0.864512    1.466031    2.552268   17.420379    2.981664
    0.004270    0.004318    0.004360    0.004769    0.029517    6.278639    9.553737    4.221994    5.938449    5.771620
    0.004050    0.004054    0.004166    0.004475    0.032062    4.459260    5.808084    4.780677   13.718661    2.876075
    0.003662    0.003692    0.003786    0.005260    0.019161    4.426865    6.529330   11.093985    4.032296    6.824337
    0.003374    0.003377    0.003380    0.003430    0.014347    0.609531    7.784632   11.259939    6.750588    4.610234
    0.010220    0.011987    0.024156    0.078758    0.452095    7.474302    3.678933    0.898657    9.314472   10.436634
    0.005016    0.005173    0.007236    0.012826    0.121966    3.394058    7.852580    0.006305   13.660085    3.489031
    0.005646    0.006373    0.008319    0.024689    0.294563    8.372980    9.452567    2.299814    2.003404    3.131457
    0.004727    0.005394    0.011767    0.032412    0.260454    7.294897    3.705345    9.576760    7.751186    2.615835
    0.004174    0.004307    0.005632    0.007472    0.054173    5.144970    6.436894    7.044858   10.320343    5.772842
    0.004457    0.004640    0.005813    0.009765    0.040756    4.619838    1.572247   13.635675    4.244165    4.828790
    0.003712    0.003775    0.004341    0.007074    0.057392    6.304867    8.221323    7.397376    3.734987    7.022854
    0.024207    0.028833    0.075913    0.118891    0.858235    7.201155    1.621173    1.547425   13.794132    3.271297
    0.004259    0.004304    0.004570    0.006016    0.032482    0.570506    7.592747   11.050551    6.004674    6.821335
    0.004065    0.004084    0.004389    0.004784    0.016927    1.356857   12.738312    3.367697    3.316620    5.726685
    0.005243    0.005444    0.005792    0.008293    0.055523    2.278110   11.209838    3.403628    7.251989    6.826983
    0.004244    0.004503    0.005618    0.011295    0.093347    4.119266   11.934092    4.307625    0.103680    5.792619
    0.012717    0.012748    0.012933    0.013848    0.019400    0.866170    8.367736    2.515597    8.999426   12.096580
    0.016567    0.016813    0.017872    0.021243    0.061307    4.660849   11.605651    2.422369    6.770109    0.795114
    0.005536    0.005585    0.005928    0.006959    0.029756    1.141158    2.121055    9.867570   13.811379    0.010323
    0.018586    0.021395    0.040592    0.117649    0.665565    6.407969    3.174456    9.816703    2.147780   10.444218
    0.030131    0.031236    0.037051    0.044261    0.142752   10.319351    2.302710    6.636159    1.209510    5.066215
    0.021088    0.021420    0.024525    0.032044    0.143395   10.268291    3.866284    0.097866    7.851136    1.551132
    0.017142    0.018592    0.026091    0.048530    0.210447    2.681183   10.998263    1.872004    1.877656   11.166121
    0.003333    0.003333    0.003334    0.003337    0.003365    0.007566    0.019717   13.874046    8.321337    3.739753
    0.003446    0.003466    0.003492    0.003864    0.008445    0.526763    2.838213   12.609570    0.567513   11.585403
    0.003699    0.003700    0.003703    0.003722    0.003828    0.017185    0.078337    9.780490   10.034095   11.247678
    0.003900    0.003967    0.004268    0.006159    0.039140    3.481763    4.873880   11.988753    3.521027    8.851764
    0.003356    0.003358    0.003381    0.003471    0.005035    0.083780    1.158693   11.741180    5.422479   12.075083
    0.003586    0.003604    0.003792    0.004415    0.008082    0.530017    7.581880    9.497036    6.773441    9.202555
    0.003502    0.003522    0.003814    0.004974    0.025063    3.360800    4.272699   12.496585    5.519841    7.078219
    0.011753    0.012125    0.015299    0.024945    0.128184    3.132071    9.204293    0.114250    9.466950    9.499006
    0.004955    0.005620    0.007755    0.018389    0.225533    9.910919    4.814524    3.746868    4.182356    6.048998
    0.005776    0.006029    0.006805    0.011833    0.071555    1.181550   12.504169    5.219155    4.326186    3.442707
    0.005246    0.005321    0.005655    0.006952    0.032113    1.784035   10.507541    0.006990   11.578453    0.867700
    0.004473    0.004673    0.005550    0.008204    0.052184    3.603223    9.047757    7.923080    3.001283    9.387069
    0.018167    0.018362    0.019200    0.022760    0.071333    6.602312    8.310783    8.264062    3.942996    3.753025
    0.005337    0.006186    0.012831    0.090822    0.640293    6.278102   10.937129    3.481352    4.237419    2.018914
    0.003755    0.003770    0.003883    0.004471    0.006823    0.424357    1.624982   13.809185    8.707492    1.683529
    0.003872    0.003909    0.004063    0.005014    0.011602    0.812252    8.635879    8.320973   10.400342    2.147013
    0.003662    0.003798    0.004672    0.007586    0.030017    3.543432    5.420786   13.430281    0.755422    4.790923
    0.003323    0.003346    0.003618    0.004564    0.012749    0.708585    4.491062   14.482958    4.340644    2.590787
    0.003266    0.003334    0.003504    0.004998    0.011088    0.953434    5.838413   12.813147    3.193222    7.687021
    0.003503    0.003513    0.003632    0.003974    0.009257    0.048183    2.768012   14.842767    3.868265    4.681980
    0.003426    0.003426    0.003431    0.003454    0.003613    0.026805    0.123623   11.570167    6.591845   11.722369
    0.003417    0.003417    0.003418    0.003420    0.003433    0.005505    0.012604   14.644375    6.893839    2.543350
    0.003140    0.003180    0.003561    0.004398    0.014258    0.567983    8.187252   10.218445    1.935079    9.737498
    0.003138    0.003172    0.003515    0.004865    0.021296    0.919322    6.336718    9.920968    2.324219   12.471273
    0.003140    0.003195    0.003360    0.004642    0.015578    0.359459    2.828440   13.551769    0.003917    9.828173
    0.019396    0.020084    0.026524    0.042116    0.259601    7.495444   10.335633    0.101855    4.477586    1.655936
    0.019255    0.021185    0.029130    0.060703    0.306860    3.724108   10.280564    1.829391    5.615245   10.154919
    0.003468    0.003468    0.003468    0.003469    0.003475    0.004339    0.008528    8.233891   15.270858    2.530731
    0.003116    0.003156    0.003301    0.004276    0.014389    0.185797    1.600458   13.877514    0.344371    9.686791
    0.003168    0.003197    0.003393    0.004104    0.013119    0.505276    7.327000    9.144286    1.713946   12.479364
    0.003333    0.003335    0.003348    0.003406    0.003852    0.072198    0.259533   14.568211    6.643229    3.739751
    0.003372    0.003440    0.004364    0.008049    0.026060    0.380369    4.311043   12.896714    2.104372    9.828394
    0.003886    0.003949    0.004152    0.005240    0.020917    1.238202    8.717062   11.698977    0.101142    5.209872
    0.003583    0.003599    0.003662    0.004044    0.007417    0.113377    1.408422   11.336309    9.764927    8.814379
    0.004409    0.005117    0.006297    0.020693    0.139983    3.203856    9.719836    9.487490    2.588316    5.484324
    0.003899    0.003974    0.004275    0.006306    0.015418    0.674465    1.866824   14.476910    3.928099    6.738671
    0.011556    0.011935    0.013177    0.018581    0.066924    6.302804    2.752544   11.332804    6.551933    4.659939
    0.006886    0.007615    0.010883    0.027538    0.389473    7.254880    9.259906    5.208774    4.469283    3.443366
    0.011714    0.011715    0.011724    0.011766    0.012004    0.060964    0.217616   15.226469    1.375507    6.004146
    0.005399    0.005498    0.005895    0.007554    0.039450    2.283783   10.332436    0.134012   11.325760    3.116424
    0.009550    0.009616    0.009878    0.011884    0.033116    1.591219    7.178632    8.627872   11.263997    3.974531
    0.008763    0.008804    0.009198    0.011082    0.018395    1.513849    9.420757   10.095184    3.751223    6.063479
    0.009348    0.009527    0.010401    0.014035    0.221594    9.966800    4.762560    3.771191    2.556480    6.948371
    0.009430    0.009540    0.009964    0.013027    0.029430    1.007606    6.449243    6.579433   13.968146    2.152515
    0.013538    0.013754    0.014683    0.019566    0.070151    2.734226    7.940378    2.921286   13.895743    0.212885
    0.014186    0.014213    0.014369    0.015222    0.022313    1.036210    8.461695    6.207457    9.340070    9.187872
    0.004760    0.004970    0.005854    0.008544    0.053118    2.280705    8.111348    9.786588    3.301382    9.414525
    0.004041    0.004381    0.005514    0.011549    0.127937    5.569675   10.766475    3.770386    2.411172    6.942890
    0.003512    0.003567    0.004010    0.005169    0.024181    2.269853    3.401787    9.579431   10.527992    9.066116
    0.003704    0.003707    0.003724    0.003828    0.004529    0.142202    0.642840    7.585392   12.018048   11.453340
    0.003349    0.003352    0.003371    0.003475    0.004186    0.107574    0.705483    6.045828   14.641003    8.800768
    0.003220    0.003224    0.003269    0.003451    0.005386    0.121416    1.350123   13.083288    6.464360    8.800642
    0.003113    0.003123    0.003151    0.003373    0.005493    0.401612    2.461207   13.449092    2.404292    9.883283
    0.003160    0.003162    0.003168    0.003210    0.003488    0.041941    1.259132   12.263118   11.291948    2.146324
    0.003215    0.003238    0.003307    0.003843    0.009448    0.140287    0.631273   13.659702    3.015645    9.828279
    0.003324    0.003328    0.003360    0.003499    0.005276    0.252419    0.901006   15.432557    3.987882    2.574545
    0.003223    0.003292    0.003815    0.006172    0.022480    0.974442    7.464374    8.865676    2.329464   12.427316
    0.003605    0.003606    0.003613    0.003647    0.004254    0.034955    0.453972   13.453163    6.178377    8.362453
    0.003357    0.003361    0.003386    0.003516    0.004431    0.136065    0.544837    8.324808   13.161804    8.800836
    0.003366    0.003369    0.003387    0.003463    0.004282    0.124430    1.795845   12.719391    6.746089    9.202346
    0.003469    0.003470    0.003476    0.003502    0.003814    0.048489    0.179292    9.767680   14.078473    2.530874
    0.003504    0.003562    0.003934    0.005297    0.021426    0.150450    1.616070   11.435658    7.935886   10.621234
    0.003646    0.003663    0.003753    0.004107    0.006064    0.029336    0.326613   11.708874    8.023683   10.313537
    0.003469    0.003576    0.004597    0.008210    0.039404    1.014061    6.986865   13.290166    3.794264    2.013892
    0.006052    0.006333    0.009238    0.020595    0.240869    6.116130    7.730599    2.662133   10.961588    3.887044
    0.015280    0.015322    0.015646    0.017088    0.043709    3.543777    7.109324    6.765090    9.341452    9.187869
    0.016547    0.016895    0.018234    0.022820    0.110273    9.665709    6.736967    2.493475    5.595627    1.073271
    0.027514    0.027697    0.028499    0.033488    0.066584    4.062854    8.828711   10.735952    3.464530    1.732206
    0.014108    0.014125    0.014222    0.014523    0.019568    0.630843    4.319763    4.176919   13.082082   11.113751
    0.011648    0.011817    0.013442    0.016664    0.100953    5.912309   10.577814    2.143442    3.119922    7.518530
    0.017211    0.017381    0.017969    0.021172    0.046674    3.607564    3.750782    8.125033   12.932440    5.221214
    0.012327    0.012773    0.014189    0.022917    0.178137    8.420783    7.936076    3.781496    5.636144    3.763570
    0.022727    0.023106    0.024653    0.035884    0.107400    1.664490   11.802209    4.111943    4.209862    7.863857
    0.009708    0.009955    0.010765    0.014328    0.048320    4.289306    7.764798   11.130166    3.160412    4.579495
    0.003608    0.003633    0.003992    0.005423    0.030332    0.466852    6.672612    9.588736    4.024555   12.050054
    0.005208    0.005211    0.005222    0.005260    0.005906    0.120756    1.555147    6.258643   13.080560   11.090788
    0.004115    0.004217    0.004811    0.007918    0.047568    1.555758    6.882224   11.716052    2.052174    8.792843
    0.006966    0.007058    0.007769    0.011959    0.032212    1.894933    4.005590   10.317220   11.629038    4.966918
    0.003604    0.003617    0.003778    0.004320    0.009870    0.380147    3.005593   13.076159    3.834022    9.805708
    0.003461    0.003480    0.003597    0.004616    0.015313    0.354455    2.078214   10.185093   13.340607    3.051208
    0.003356    0.003363    0.003407    0.003655    0.005350    0.252074    1.330187    8.204049   13.161800    8.800833
    0.019895    0.021984    0.051404    0.113224    0.804616    4.607844    8.286260    6.390416    4.788430   10.410078
    0.006266    0.006341    0.007125    0.008251    0.023245    0.079516    7.582095    0.045308   12.327780    9.774521
    0.003498    0.003504    0.003546    0.003608    0.006634    0.014797   10.002541    9.715541    0.255128    6.967524
    0.002864    0.002866    0.002900    0.002942    0.003254    0.004968    7.709417    6.325922    6.674631   12.706001
    0.009139    0.009546    0.027407    0.080064    0.561142    4.185465    7.169008   12.172756    3.430774    0.011585
    0.002271    0.002272    0.002363    0.002436    0.003820    0.009874    4.959750    6.971505   14.877815    0.876925
    0.018353    0.019486    0.049246    0.078025    0.339483    2.639778    5.846355   11.078537    0.188307   10.969315
    0.019531    0.020014    0.045531    0.137274    0.647646    5.429858   10.239094    5.497626    4.476800    5.711595
    0.002922    0.002923    0.002938    0.002964    0.003161    0.004194    4.662079    7.708643    9.072418   12.706059
    0.002849    0.002849    0.002850    0.002851    0.002869    0.002954    0.122551   15.024498    3.749426    5.485851
    0.010028    0.016674    0.092665    0.212271    1.546140    4.949247    8.588111    7.996255    5.308773    6.123290
    0.004087    0.004108    0.004388    0.004676    0.021654    0.092287   10.374773    7.288377    1.540573    9.733506
    0.005707    0.005713    0.005749    0.005803    0.007977    0.013930    7.928263    9.337957    7.832907    7.763827
    0.006523    0.006527    0.006583    0.006669    0.007804    0.017662    1.228786   15.392608    0.794008    5.134079
    0.003868    0.004614    0.021012    0.054505    0.404353    3.389331   12.460920    5.558766    0.827837    1.318241
    0.004153    0.004932    0.024183    0.052628    0.785702    3.952963    9.229953    6.714848    1.462365   10.370928
    0.004023    0.004023    0.004025    0.004028    0.004045    0.004172    0.014857   13.636745    9.396401    0.839375
    0.004649    0.004747    0.009617    0.020751    0.129900    0.438047    9.317750   11.401771    3.972792    0.004939
    0.012914    0.013198    0.021762    0.048010    0.753234    3.508516    6.118445    9.894660    9.670511    4.487488
    0.009011    0.010575    0.034884    0.128684    0.966069    3.748279    6.917292    4.130587   10.338124   10.091189
    0.004983    0.005066    0.006029    0.008686    0.034116    0.194435    8.173693    0.078653   13.290662    6.772080
    0.015323    0.016753    0.050245    0.141283    0.623454    3.037474    5.868119    2.805176    8.373284   14.320807
    0.003480    0.003488    0.003541    0.003617    0.005736    0.012996    6.985344    2.926175   13.863149    7.076042
    0.003057    0.003121    0.007421    0.011683    0.065607    0.423844    2.486928   13.272560    8.209488    5.353857
    0.004848    0.004901    0.005399    0.006215    0.036867    0.104202   12.083688    4.281092    3.513073    7.649894
    0.020479    0.023236    0.079322    0.185178    1.111836    4.006491    4.609531    2.450322   11.685584   11.444833
    0.006803    0.006818    0.006959    0.007144    0.009217    0.021395    9.431092    8.302617    3.590016    9.771848
    0.010887    0.010909    0.011062    0.011288    0.014227    0.023126   10.459333   10.159434    0.305302    4.031951
    0.009415    0.009473    0.009999    0.010846    0.039299    0.101925   11.255276    4.789063    6.249026    7.632285
    0.014132    0.015558    0.070079    0.199432    1.020776    4.114094    4.228082    3.083675   14.511135    6.219456
    0.015704    0.017028    0.030645    0.052732    0.212278    1.067124    9.693722    2.152371    6.551562   12.085215
    0.003140    0.003143    0.003171    0.003214    0.003561    0.005378    8.124541    3.886497    8.076123   12.706278
    0.003200    0.003200    0.003201    0.003202    0.003214    0.003329    1.772943   14.883394    3.526032    5.688065
    0.002763    0.002763    0.002764    0.002764    0.002776    0.002873    0.126543   15.536191    3.876426    2.108037
    0.003259    0.003262    0.003298    0.003401    0.004360    0.012471    7.896335   12.976490    1.094411    2.903165
    0.002340    0.002581    0.019568    0.040472    0.259787    1.263329    5.972212    6.258599   14.170978    3.685411
    0.002149    0.002150    0.002243    0.002319    0.003749    0.009923    8.205885   11.780779    6.046903    0.876803
    0.003504    0.003533    0.004010    0.004581    0.010525    0.045377   10.693785    8.070805    6.394223    3.831505
    0.004516    0.004522    0.004565    0.004659    0.007241    0.016022    8.210440    3.439612   12.543877    7.077078
    0.003697    0.003708    0.003777    0.003857    0.006593    0.018081   10.444540    4.230074    9.054968    6.966073
    0.009558    0.010067    0.017084    0.032557    0.485678    2.526656    5.853955    8.174160   12.562624    3.622076
    0.011711    0.011721    0.011782    0.011854    0.014316    0.024650    9.392710    5.311728    8.563098    9.297755
    0.012022    0.012033    0.012102    0.012167    0.013385    0.026582   11.838504    8.035496    0.177112    3.745317
    0.007518    0.007533    0.007736    0.007954    0.009955    0.019658   12.660886    4.168993    6.124160    0.013684
    0.008995    0.009002    0.009134    0.009317    0.010499    0.017698    9.861981    9.656787    6.753862    0.530995
    0.003805    0.004807    0.026719    0.051228    0.411891    3.459007   12.717412    3.871378    2.885596    1.620458
    0.003827    0.004728    0.024916    0.047027    0.367536    3.523055   11.541932    6.333390    4.447043    2.523086
    0.009178    0.009180    0.009211    0.009265    0.009568    0.011724    2.898802   13.055363    4.061163    9.845199
    0.009264    0.009270    0.009328    0.009419    0.012906    0.020508   12.057696    4.562016    6.447626    4.501709
    0.009589    0.009590    0.009615    0.009641    0.009843    0.011059    1.906419   13.880146    8.639305    0.331095
    0.003895    0.004961    0.027602    0.074031    0.558283    3.205612   11.921502    5.318171    5.044080    2.209684
    0.008307    0.008311    0.008335    0.008368    0.008800    0.012546    4.021600   12.100053   10.436025    2.113579
    0.011805    0.011834    0.012685    0.014360    0.032586    0.228091    6.791797   13.934943    1.092933    1.321330
    0.010261    0.011201    0.030836    0.061313    0.425008    2.317650    4.008183    4.693750   15.367115    5.148711
    0.022604    0.022614    0.022727    0.022981    0.030222    0.060027    9.648771    3.898332   11.898937    3.667313
    0.013824    0.014287    0.040225    0.133404    0.612401    4.195210    7.254414   10.797824    4.850064    5.694066
    0.003918    0.003937    0.004077    0.004233    0.005919    0.020939   12.138761    6.994142    3.510454    2.823572
    0.004860    0.004863    0.004892    0.004987    0.005630    0.011723    6.107676   13.250010    6.346975    0.471696
    0.004790    0.004791    0.004798    0.004809    0.005307    0.009196    5.573834    7.893836    9.819731   10.983426
    0.002215    0.002343    0.011591    0.019061    0.161057    0.809628   12.004159    6.695359    5.198775    0.880219
    0.002845    0.002847    0.002869    0.002907    0.003928    0.009178    7.313384   12.143174    6.914433    1.292019
    0.002179    0.002187    0.002289    0.002593    0.005321    0.016771   11.877922    6.499456    6.069606    0.877822
    0.010023    0.010050    0.010405    0.011256    0.016189    0.030436   10.308059    5.158289    0.014049   11.932949
    0.002198    0.002214    0.003576    0.004952    0.017591    0.079086    6.523131    5.845873   14.333075    2.511343
    0.002192    0.002194    0.002366    0.002505    0.004865    0.014610    8.117609    4.442180   13.770198    0.877837
    0.002450    0.002456    0.002563    0.002695    0.004636    0.012817    9.890291    8.264195    7.968938    3.935320
    0.002917    0.002917    0.002922    0.002929    0.003023    0.003839    1.036483   14.871648    6.235147    2.108190
    0.002826    0.002827    0.002832    0.002840    0.002931    0.003740    1.027212   15.122152    5.421399    2.108099
    0.003058    0.003060    0.003068    0.003095    0.003298    0.004621    1.481064   12.408023   10.511620    4.335056
    0.003036    0.003036    0.003039    0.003045    0.003111    0.003479    0.506146   14.626272    7.076291    1.898644
    0.003319    0.003560    0.009115    0.017163    0.086602    0.512462   12.434010    5.288557    5.588716    1.317910
    0.003985    0.004053    0.007435    0.015146    0.093107    0.304790    6.692005   13.603682    3.972149    0.010765
    0.003016    0.003275    0.006615    0.012005    0.039582    0.226203   10.065942    5.059405    9.706684    6.084894
    0.015143    0.015958    0.026958    0.051312    0.764202    6.556863    5.887517    9.593859    6.464943    3.718921
    0.016916    0.017116    0.018635    0.022455    0.056296    0.171884    1.462812    9.364461   12.581567    8.031056
    0.005139    0.005861    0.014888    0.029359    0.553