    1.276147    0.771750    0.769318    0.777291    0.790854    0.788998    0.897803    0.923141    1.401025    0.904420
    1.203504    0.806509    0.800870    1.000596    0.818230    0.993795    0.882992    0.934382    0.882916    2.618305
    1.222796    0.794682    0.812760    0.792774    0.805426    0.845676    1.210070    0.962527    0.918885    0.924623
    1.350318    0.765182    0.758219    0.776175    0.786019    0.784556    0.952763    0.932818    0.913347    0.892894
    1.227866    0.808519    0.846357    0.817549    1.067758    0.816049    0.838565    0.889168    0.890821    1.626308
    1.490216    0.775624    0.770496    0.774857    0.807015    0.986891    0.883872    0.833420    0.813445    0.842690
    1.148019    0.803430    0.848379    0.829755    0.853632    0.816185    0.880310    1.200966    1.514674    0.998729
    1.238063    0.803352    0.796271    0.823741    0.818621    0.976795    1.245044    0.978104    0.903735    0.948737
    1.112826    0.799282    0.842889    0.814546    0.811761    0.811521    1.156710    1.115277    0.913579    3.884668
    1.296858    0.833924    0.825479    0.838715    1.040403    0.853321    0.865788    0.921941    1.173669    2.512020
    1.217696    0.767789    0.767979    0.767018    0.778209    0.855692    0.794330    0.877904    1.214689    3.447564
    1.547897    0.774862    0.769314    0.771090    0.801885    1.045523    0.819509    0.802116    0.811943    0.839984
    1.247877    0.774606    0.770728    0.792437    0.789358    0.784068    1.091326    1.109673    0.850719    2.301999
    1.295915    0.786027    0.776748    0.783414    1.001020    0.836220    1.037163    0.873896    0.870358    0.902166
    1.453352    0.817397    0.813414    0.809971    0.816800    0.822184    0.868753    1.682212    0.851511    0.924130
    1.317653    0.764283    0.757734    0.769730    0.783797    0.824220    0.955607    0.930949    0.932854    0.892935
    1.274946    0.764214    0.776559    0.798542    0.783780    0.845224    0.798934    0.994055    1.046825    1.576186
    1.341204    0.773195    0.764385    0.774617    0.801462    0.821609    0.852907    0.971372    0.799363    2.573194
    1.202081    0.764383    0.768681    0.789512    0.789691    0.886414    0.804147    0.969594    1.050971    2.090025
    1.247560    0.787961    0.785138    0.787605    0.798002    0.797471    0.803723    0.860938    1.517385    3.839850
    1.294362    0.778324    0.786249    0.880598    0.792067    0.814092    0.912242    1.035161    0.828858    0.843394
    1.347272    0.779304    0.788028    0.900376    0.794639    0.828210    0.922957    0.861116    0.808474    0.843261
    1.381265    0.775612    0.766147    0.774047    0.781469    0.823641    0.805533    0.964534    0.799291    3.422181
    1.205137    0.794489    0.792652    0.799466    0.996693    0.822848    0.853887    0.881146    1.129682    2.846350
    1.153719    0.797732    0.812778    0.811105    0.807730    0.845060    1.163388    0.945930    1.251583    0.939701
    1.214017    0.771064    0.763220    0.782910    0.785001    0.842205    0.911231    1.053677    0.906468    2.532526
    1.342705    0.765552    0.776290    0.800380    0.786996    0.827077    0.810540    0.901184    0.923113    2.094312
    1.393227    0.766035    0.755242    0.771748    0.778918    0.830910    0.974304    0.850857    0.857699    0.918181
    1.598825    0.769990    0.765277    0.768177    0.787692    0.781894    0.852976    0.911110    0.850051    0.888107
    1.452449    0.794144    0.845766    0.786780    0.813262    0.812360    0.829686    0.922699    0.873010    0.858505
    1.463030    0.785205    0.779904    0.781310    0.974760    0.853583    0.889972    0.819336    0.864204    0.842506
    1.169904    0.777658    0.775499    0.792369    0.813034    0.823079    0.945156    1.357554    1.037327    0.926367
    1.271871    0.778608    0.770391    0.798927    0.796828    0.974673    0.916864    1.028324    0.877454    0.925354
    1.409596    0.776923    0.775249    0.792494    0.781488    0.788943    0.810793    0.916469    1.255577    2.352477
    1.291015    0.778040    0.768819    0.787134    0.790874    0.945814    0.907850    0.890501    0.876746    2.110472
    1.351638    0.797028    0.841372    0.860725    0.795529    0.839775    0.832038    0.850862    0.871786    0.903086
    1.296755    0.779512    0.770887    0.800858    0.799138    1.004046    0.918448    0.924384    0.877119    0.926202
    1.344954    0.776502    0.775004    0.790333    0.780677    0.787303    0.806880    0.901839    1.610378    2.352599
    1.075917    0.776896    0.780382    0.829627    0.809558    0.818483    0.926203    1.278603    1.007688    3.064511
    1.432928    0.785473    0.783335    0.897517    0.800681    0.799913    0.906154    0.851726    0.822264    2.467600
    1.222131    0.785891    0.784257    0.838145    0.801713    0.901162    0.815080    0.937569    0.807907    3.430800
    1.256163    0.771013    0.768631    0.778785    0.789573    0.787794    0.938115    0.922982    1.401471    0.895482
    1.295650    0.776294    0.771941    0.761678    0.803164    0.803870    0.830457    0.993046    0.969351    1.441674
    1.353172    0.771154    0.762776    0.773683    0.797370    0.793328    1.116224    0.847874    0.978355    0.905007
    1.306347    0.765293    0.773339    0.776975    0.786706    0.784942    0.951414    0.932081    0.939620    0.893979
    1.473472    0.776372    0.759354    0.762031    0.783659    0.791580    0.950963    0.848515    0.861276    0.900658
    1.353987    0.769424    0.779606    0.795282    0.786291    0.786659    0.877826    0.872767    0.905154    3.069589
    1.235460    0.805292    0.818965    0.827353    0.958417    0.896258    0.937562    1.008380    0.882566    1.000193
    1.172425    0.807103    0.796409    0.802021    0.915383    0.986187    1.061102    0.989773    0.906445    2.053309
    1.219807    0.795460    0.800797    0.886178    0.826576    0.816038    0.869498    0.837271    1.065776    3.692030
    1.276821    0.795009    0.840032    0.805686    0.797698    0.834997    0.902397    0.895448    0.885752    3.743984
    1.294603    0.799552    0.793296    0.800495    0.943249    0.914493    0.836313    0.878290    0.893929    3.763579
    1.451589    0.834715    0.829669    0.831726    0.966555    0.875626    0.921042    0.924944    1.092729    0.971037
    1.334223    0.774165    0.775195    0.787880    0.792649    0.817039    0.808552    0.883071    1.483984    1.436838
    1.201086    0.769843    0.772561    0.787071    0.789116    0.820079    0.876217    0.939039    1.047785    3.065969
    1.443933    0.784625    0.781227    0.784197    0.813499    0.796048    0.891584    1.296894    0.884476    0.912461
    1.593591    0.770489    0.765770    0.768571    0.788052    0.782271    0.846479    0.909832    0.868091    0.896907
    1.169597    0.769608    0.775129    0.778250    0.806349    0.858877    0.883044    1.029505    1.258128    1.072771
    1.227281    0.770787    0.777096    0.796891    0.789644    0.872396    0.899908    1.066204    0.940965    0.979252
    1.374557    0.771781    0.786205    0.780575    0.792796    0.810995    0.807173    0.930595    1.218830    0.949763
    1.320437    0.806653    0.803822    0.804823    0.813441    0.857162    0.833930    1.385176    1.064026    0.932762
    1.283589    0.788139    0.780659    0.902601    0.786857    0.931557    0.929752    0.851922    0.938694    0.850520
    1.400922    0.795180    0.786333    0.788223    1.058859    0.814921    0.870270    0.886857    0.890476    0.924128
    1.202370    0.770526    0.774243    0.805678    0.790054    0.928773    0.835246    1.168380    0.875412    2.150652
    1.279286    0.781670    0.828998    0.827608    0.824677    0.875689    0.821965    0.928372    0.991821    0.991600
    1.304559    0.784928    0.780871    0.794931    0.940194    0.848683    0.871433    0.889540    0.930444    2.032747
    1.250384    0.778115    0.773496    0.807674    0.785663    1.028990    0.853329    0.936866    0.889475    1.364857
    1.334797    0.775068    0.766790    0.767215    0.782499    0.785782    0.990554    0.909243    0.900403    3.578172
    1.360314    0.791681    0.845763    0.801362    0.824381    0.809911    0.828152    0.882234    1.269172    0.998595
    1.263072    0.801804    0.843063    0.809169    0.801293    0.845499    0.904709    0.938986    1.011402    2.104687
    1.341479    0.790399    0.780370    0.787575    1.022760    0.802715    1.048123    0.848202    0.871527    0.904372
    1.343071    0.785595    0.783112    0.785211    0.810120    0.795253    0.995692    1.520384    0.889977    0.911226
    1.266594    0.807596    0.804383    0.822231    0.816262    0.874931    0.834981    0.896735    1.362152    2.356486
    1.125870    0.796437    0.791791    0.818858    0.849653    0.925856    0.852344    1.172029    0.905075    3.537561
    1.317460    0.776137    0.768092    0.784547    0.796295    0.788458    0.876861    0.927636    1.406447    0.895667
    1.371914    0.777446    0.765116    0.776264    0.803712    0.796862    1.148586    0.855050    0.869562    0.907183
    1.413239    0.770537    0.760035    0.762747    0.791223    0.789119    0.957527    0.938857    0.918213    0.897781
    1.430512    0.777294    0.776843    0.765232    0.824528    0.784968    0.863671    0.834123    0.917496    0.935904
    1.391464    0.783164    0.792208    0.903082    0.786020    0.821343    0.916833    0.855842    0.810760    0.846599
    1.435434    0.834903    0.825153    1.004194    0.839996    0.839224    0.925254    0.897884    0.981216    0.986228
    1.137345    0.820051    0.830112    0.913868    0.859440    0.835294    0.878192    0.919326    1.396147    3.838723
    1.216131    0.810139    0.803350    0.844706    0.826918    0.979588    1.074751    1.197445    0.910849    0.974312
    1.128960    0.801172    0.801420    0.821049    0.817621    1.072922    0.919725    0.958244    1.141416    2.591697
    1.241010    0.805412    0.838269    0.800352    0.816231    0.906423    1.095747    1.144329    0.888236    0.963055
    1.177034    0.810457    0.807075    0.864184    0.849612    0.854228    0.969228    1.355087    1.070505    0.966922
    1.199866    0.796281    0.787382    0.811282    0.809842    0.966664    0.870304    0.905534    1.100752    3.602116
    1.215515    0.805025    0.863226    0.800608    0.816605    0.901674    0.990753    1.123753    0.994526    0.963272
    1.182393    0.806087    0.835159    0.889567    0.824483    0.908367    0.863195    0.920770    0.875190    2.699871
    1.384089    0.815825    0.868686    0.823414    0.835618    0.829903    0.847101    0.903525    1.286982    1.027549
    1.150836    0.808106    0.855772    0.826851    0.821880    0.821616    1.201211    1.161636    0.933621    1.913463
    1.224675    0.825682    0.840024    0.855976    0.841220    0.881634    0.996168    0.974075    1.297920    0.968733
    1.464805    0.831136    0.825581    0.841029    0.830639    0.839205    0.891520    1.412810    0.863612    0.936231
    1.100228    0.809844    0.808719    0.961869    0.833863    1.022196    0.875181    0.941705    1.166591    2.621878
    1.155050    0.777492    0.774635    0.791568    0.818630    0.819499    0.941363    1.338677    1.147057    0.882351
    1.578716    0.770235    0.765731    0.768668    0.787933    0.782272    0.865100    0.909865    0.867085    0.896856
    1.545217    0.782105    0.763382    0.766430    0.773159    0.780354    1.015065    0.857746    0.804186    0.832789
    1.319189    0.772766    0.771987    0.781312    0.821069    0.798233    0.884155    0.947197    1.030551    0.924932
    1.373487    0.787604    0.781823    0.771169    0.817711    0.818510    0.847646    0.846157    0.936795    1.450379
    1.409750    0.776566    0.763714    0.766322    0.781273    0.833493    0.806214    0.966234    0.796353    3.423134
    1.385368    0.784853    0.781548    0.782191    0.790433    0.820021    0.860655    1.163429    0.875693    0.908625
    1.598825    0.834903    0.868686    1.004194    1.067758    1.072922    1.245044    1.682212    1.610378    3.884668